y	income	price1	price2	price3	price4	catch1	catch2	catch3	catch4
3	7083.3	157.9	157.9	182.9	157.9	0.0678	0.2601	0.5391	0.0503
3	1250	15.1	10.5	34.5	15.1	0.1049	0.1574	0.4671	0.0451
2	3750	161.9	24.3	59.3	161.9	0.5333	0.2413	1.0266	0.4522
4	2083.3	15.1	55.9	84.9	15.1	0.0678	0.1643	0.5391	0.0789
2	4583.3	106.9	41.5	71	106.9	0.0678	0.1082	0.324	0.0503
3	4583.3	192.5	28.9	63.9	192.5	0.5333	0.1665	0.3975	0.4522
1	8750	51.9	191.9	220.9	51.9	0.0678	0.1643	0.5391	0.0789
3	2083.3	15.1	21.7	56.7	15.1	0.0678	0.0102	0.0209	0.0789
2	3750	34.9	34.9	53.4	34.9	0.2537	0.0233	0.0219	0.1498
2	2916.7	28.3	28.3	46.8	28.3	0.2537	0.0233	0.0219	0.1498
4	3750	34.9	24.3	48.3	34.9	0.1049	0.1574	0.4671	0.0451
2	7083.3	312.1	16.7	51.7	312.1	0.5333	0.2413	1.0266	0.4522
4	1250	17.9	4.1	28.1	17.9	0.1049	0.0023	0.0046	0.0451
4	2083.3	15.1	55.9	84.9	15.1	0.0678	0.0014	0.0029	0.0789
1	8750	74.5	74.5	93	74.5	0.2537	0.2339	0.6288	0.1498
4	5416.7	33.5	123.9	152.9	33.5	0.0678	0.1643	0.5391	0.0789
1	5416.7	48.1	33.5	57.5	48.1	0.1049	0.1574	0.4671	0.0451
4	2916.7	33.5	7.7	31.7	33.5	0.1049	0.0613	0.3087	0.0079
2	4583.3	211.3	11.3	46.3	211.3	0.5333	0.0361	0.4216	0.0069
2	4583.3	49.1	11.3	35.3	49.1	0.1049	0.1574	0.4671	0.0451
3	7916.7	345.7	18.5	53.5	345.7	0.5333	0.0156	0.0058	0.4522
3	8750	88.1	20.3	44.3	88.1	0.1049	0.0023	0.0046	0.0451
2	2083.3	100.7	15.1	50.1	100.7	0.5333	0.1665	0.3975	0.4522
3	2916.7	28.3	19.7	43.7	28.3	0.1049	0.0613	0.3087	0.0079
3	2916.7	33.5	34.3	69.3	33.5	0.0678	0.0559	0.6456	0.0789
1	1250	67.8	17.9	52.9	67.8	0.5333	0.2413	1.0266	0.4522
4	4583.3	50.3	49.1	73.1	50.3	0.1049	0.1574	0.4671	0.0451
2	7083.3	72.5	74.3	109.3	72.5	0.0678	0.0897	1.0905	0.0789
3	1250	70.1	10.5	45.5	70.1	0.5333	0.0156	0.0058	0.4522
3	2916.7	131.3	19.7	54.7	131.3	0.5333	0.0156	0.0058	0.4522
3	2916.7	28.3	19.7	43.7	28.3	0.1049	0.0023	0.0046	0.0451
3	4583.3	49.1	11.3	35.3	49.1	0.1049	0.0613	0.3087	0.0079
2	2916.7	33.5	7.7	31.7	33.5	0.1049	0.0023	0.0046	0.0451
1	3750	9.5	78.3	107.3	9.5	0.0678	0.0014	0.0029	0.0789
4	2083.3	25.7	5.9	29.9	25.7	0.1049	0.0613	0.3087	0.0079
3	2916.7	144.1	7.7	42.7	144.1	0.5333	0.0361	0.4216	0.0069
4	12500	120	252.6	281.6	120	0.0678	0.0014	0.0029	0.0789
2	1250	25.6	80.6	105.6	25.6	0.2537	0.0531	0.0052	0.1498
3	2083.3	115.8	25	60	115.8	0.5333	0.0156	0.0058	0.4522
4	2916.7	32.6	68.6	97.6	32.6	0.0678	0.1643	0.5391	0.0789
2	2916.7	10.3	46.3	75.3	10.3	0.0678	0.1643	0.5391	0.0789
3	2916.7	10.3	54.9	89.9	10.3	0.0678	0.0897	1.0905	0.0789
2	4583.3	231.5	15.1	50.1	231.5	0.5333	0.2413	1.0266	0.4522
3	3750	59.2	186.2	211.2	59.2	0.2537	0.7369	2.3101	0.1498
3	4583.3	231.5	15.1	50.1	231.5	0.5333	0.2413	1.0266	0.4522
4	6250	19.9	89.5	118.5	19.9	0.0678	0.0014	0.0029	0.0789
3	7083.3	341.9	22.3	57.3	341.9	0.5333	0.2413	1.0266	0.4522
3	1250	80.6	17.4	52.4	80.6	0.5333	0.2413	1.0266	0.4522
1	3750	24.3	89.9	118.9	24.3	0.0678	0.1643	0.5391	0.0789
1	4583.3	11.3	93.1	122.1	11.3	0.0678	0.1643	0.5391	0.0789
3	3750	177.7	9.5	44.5	177.7	0.5333	0.0156	0.0058	0.4522
4	2083.3	5.9	48.7	77.7	5.9	0.0678	0.1643	0.5391	0.0789
2	3750	177.7	9.5	44.5	177.7	0.5333	0.2413	1.0266	0.4522
2	1250	70.1	10.5	45.5	70.1	0.5333	0.0361	0.4216	0.0069
3	4583.3	41.5	28.9	52.9	41.5	0.1049	0.0613	0.3087	0.0079
3	2083.3	21.7	15.1	39.1	21.7	0.1049	0.0023	0.0046	0.0451
3	2916.7	144.1	7.7	42.7	144.1	0.5333	0.0156	0.0058	0.4522
2	2083.3	25.7	5.9	29.9	25.7	0.1049	0.0613	0.3087	0.0079
2	5416.7	244.9	13.1	48.1	244.9	0.5333	0.0156	0.0058	0.4522
3	2916.7	144.1	7.7	42.7	144.1	0.5333	0.2413	1.0266	0.4522
4	2083.3	5.9	48.7	77.7	5.9	0.0678	0.0014	0.0029	0.0789
4	4583.3	93.1	93.1	118.1	93.1	0.0678	0.2601	0.5391	0.0503
3	3750	177.7	9.5	44.5	177.7	0.5333	0.0361	0.4216	0.0069
2	3750	41.3	9.5	33.5	41.3	0.1049	0.1574	0.4671	0.0451
4	3750	9.5	78.3	107.3	9.5	0.0678	0.1643	0.5391	0.0789
3	1250	76.9	4.1	39.1	76.9	0.5333	0.2413	1.0266	0.4522
2	3750	177.7	9.5	44.5	177.7	0.5333	0.2413	1.0266	0.4522
3	3750	177.7	9.5	44.5	177.7	0.5333	0.1665	0.3975	0.4522
2	5416.7	244.9	13.1	48.1	244.9	0.5333	0.2413	1.0266	0.4522
4	2916.7	33.5	7.7	31.7	33.5	0.1049	0.1574	0.4671	0.0451
2	2916.7	33.5	7.7	31.7	33.5	0.1049	0.0023	0.0046	0.0451
3	2083.3	5.9	25.7	60.7	5.9	0.0678	0.0102	0.0209	0.0789
3	7916.7	345.7	18.5	53.5	345.7	0.5333	0.1665	0.3975	0.4522
2	5416.7	244.9	13.1	48.1	244.9	0.5333	0.0361	0.4216	0.0069
2	6250	64.7	14.9	38.9	64.7	0.1049	0.0023	0.0046	0.0451
1	3750	9.5	78.3	107.3	9.5	0.0678	0.1643	0.5391	0.0789
1	7916.7	24.7	111.1	140.1	24.7	0.0678	0.1643	0.5391	0.0789
2	1250	33.9	33.9	58.9	33.9	0.0678	0.2601	0.5391	0.0503
3	2916.7	144.1	7.7	42.7	144.1	0.5333	0.0361	0.4216	0.0069
2	2083.3	110.5	5.9	40.9	110.5	0.5333	0.2413	1.0266	0.4522
3	1250	76.9	4.1	39.1	76.9	0.5333	0.0156	0.0058	0.4522
1	2916.7	7.7	63.5	92.5	7.7	0.0678	0.0014	0.0029	0.0789
2	3750	177.7	9.5	44.5	177.7	0.5333	0.1665	0.3975	0.4522
2	1250	17.9	4.1	28.1	17.9	0.1049	0.1574	0.4671	0.0451
3	2916.7	33.5	33.5	52	33.5	0.2537	0.0626	0.2773	0.0014
2	416.7	8.5	39.5	64.5	8.5	0.2537	0.6817	2.3014	0.1498
3	6250	38.1	54.7	89.7	38.1	0.0678	0.0559	0.6456	0.0789
2	3750	24.3	34.9	69.9	24.3	0.0678	0.0897	1.0905	0.0789
4	2083.3	100.7	15.1	50.1	100.7	0.5333	0.2413	1.0266	0.4522
4	12500	104.2	104.2	122.7	104.2	0.2537	0.2339	0.6288	0.1498
3	3750	161.9	24.3	59.3	161.9	0.5333	0.0156	0.0058	0.4522
3	5416.7	48.1	33.5	57.5	48.1	0.1049	0.1574	0.4671	0.0451
2	6250	64.7	66.3	101.3	64.7	0.0678	0.0102	0.0209	0.0789
3	7083.3	72.5	74.3	109.3	72.5	0.0678	0.0102	0.0209	0.0789
2	11250	423	111.5	146.5	423	0.5333	0.0051	1.0266	0.4522
3	5416.7	56.9	58.3	93.3	56.9	0.0678	0.0102	0.0209	0.0789
2	7083.3	72.5	74.3	109.3	72.5	0.0678	0.0897	1.0905	0.0789
3	6250	210.6	49.7	79.2	210.6	0.0678	0.0732	0.1726	0.0052
4	5416.7	43.7	52.5	71	43.7	0.2537	0.2339	0.6288	0.1498
1	3750	31.7	38.1	56.6	31.7	0.2537	0.2339	0.6288	0.1498
1	2083.3	19.7	23.7	42.2	19.7	0.2537	0.2339	0.6288	0.1498
4	3750	31.7	38.1	56.6	31.7	0.2537	0.2339	0.6288	0.1498
3	2916.7	55.8	25.7	60.7	55.8	0.0678	0.0108	0.2377	0.0025
3	2083.3	42.8	19.7	54.7	42.8	0.0678	0.0559	0.6456	0.0789
3	7916.7	261.4	61.7	91.2	261.4	0.0678	0.0732	0.1726	0.0052
3	8750	268.7	146.8	181.8	268.7	0.5333	0.1665	0.3975	0.4522
3	7083.3	55.7	221.1	246.1	55.7	0.2537	0.6817	2.3014	0.1498
3	4583.3	159.8	37.7	67.2	159.8	0.0678	0.0732	0.1726	0.0052
4	416.7	16.8	32.8	61.8	16.8	0.0678	0.1643	0.5391	0.0789
2	3750	125.9	68.8	103.8	125.9	0.5333	0.2413	1.0266	0.4522
2	5416.7	56.9	58.3	93.3	56.9	0.0678	0.0108	0.2377	0.0025
3	2083.3	25.7	26.3	61.3	25.7	0.0678	0.0108	0.2377	0.0025
3	1250	46.3	18.3	47.8	46.3	0.0678	0.0732	0.1726	0.0052
1	3750	42.3	42.3	60.8	42.3	0.2537	0.0233	0.0219	0.1498
3	6250	64.7	66.3	101.3	64.7	0.0678	0.0559	0.6456	0.0789
3	3750	42.3	41.3	65.3	42.3	0.1049	0.1574	0.4671	0.0451
2	5416.7	58.3	58.3	76.8	58.3	0.2537	0.0233	0.0219	0.1498
3	3750	77.2	73	108	77.2	0.0678	0.0102	0.0209	0.0789
3	2916.7	150.2	62.6	97.6	150.2	0.5333	0.2413	1.0266	0.4522
3	7083.3	135.6	267.6	296.6	135.6	0.0678	0.1643	0.0041	0.0789
1	3750	73	73	91.5	73	0.2537	0.2339	0.6288	0.1498
2	12500	205.3	94.7	129.7	205.3	0.0678	0.0897	1.0905	0.0789
3	2916.7	55.8	25.7	60.7	55.8	0.0678	0.0897	1.0905	0.0789
1	7916.7	61.7	74.1	92.6	61.7	0.2537	0.2339	0.6288	0.1498
2	7083.3	120.8	55.7	90.7	120.8	0.0678	0.0102	0.0209	0.0789
3	8750	146.8	67.7	102.7	146.8	0.0678	0.0102	0.0209	0.0789
4	7083.3	55.7	66.9	85.4	55.7	0.2537	0.2339	0.6288	0.1498
3	3750	134.4	31.7	61.2	134.4	0.0678	0.0732	0.1726	0.0052
4	6250	49.7	59.7	78.2	49.7	0.2537	0.2339	0.6288	0.1498
2	12500	205.3	94.7	129.7	205.3	0.0678	0.0102	0.0209	0.0789
2	12500	205.3	94.7	129.7	205.3	0.0678	0.0108	0.2377	0.0025
3	6250	107.8	49.7	84.7	107.8	0.0678	0.0559	0.6456	0.0789
2	7916.7	261.4	61.7	91.2	261.4	0.0678	0.0732	0.1726	0.0052
2	2916.7	109	25.7	55.2	109	0.0678	0.0143	0.0289	0.0503
2	8750	286.8	67.7	97.2	286.8	0.0678	0.0143	0.0289	0.0503
2	12500	375.8	205.3	240.3	375.8	0.5333	0.0156	0.0058	0.4522
3	3750	68.8	31.7	66.7	68.8	0.0678	0.0108	0.2377	0.0025
3	3750	68.8	31.7	66.7	68.8	0.0678	0.0559	0.6456	0.0789
3	1250	67.8	17.9	52.9	67.8	0.5333	0.0361	0.4216	0.0069
3	4583.3	186.2	49.1	84.1	186.2	0.5333	0.2413	1.0266	0.4522
2	6250	66.3	66.3	84.8	66.3	0.2537	0.2339	0.6288	0.1498
3	416.7	38.2	10.1	45.1	38.2	0.5333	0.1665	0.3975	0.4522
2	7083.3	72.5	74.3	109.3	72.5	0.0678	0.0897	1.0905	0.0789
3	4583.3	49.1	50.3	85.3	49.1	0.0678	0.0108	0.2377	0.0025
2	6250	333.3	94.5	129.5	333.3	0.5333	0.2413	1.0266	0.4522
3	3750	85.7	60.3	84.3	85.7	0.1049	0.0023	0.0046	0.0451
3	7916.7	166.7	166.7	185.2	166.7	0.2537	0.0626	0.2773	0.0014
3	4583.3	252.9	71.7	106.7	252.9	0.5333	0.0156	0.0058	0.4522
2	8750	128.7	182.9	217.9	128.7	0.0678	0.0897	1.0905	0.0789
3	3750	212.7	60.3	95.3	212.7	0.5333	0.0156	0.0058	0.4522
3	3750	212.7	60.3	95.3	212.7	0.5333	0.0156	0.0058	0.4522
3	1250	92.1	26.1	61.1	92.1	0.5333	0.0156	0.0058	0.4522
2	7083.3	139.4	63.2	87.2	139.4	0.1049	0.0613	0.3087	0.0079
2	5416.7	109.4	49.6	73.6	109.4	0.1049	0.0613	0.3087	0.0079
2	6250	323.3	56.4	91.4	323.3	0.5333	0.2413	1.0266	0.4522
2	2916.7	71.2	71.2	96.2	71.2	0.0678	0.0276	0.0029	0.0503
2	4583.3	94.4	42.8	66.8	94.4	0.1049	0.1574	0.4671	0.0451
3	5416.7	109.4	49.6	73.6	109.4	0.1049	0.0023	0.0046	0.0451
4	5416.7	49.6	121	150	49.6	0.0678	0.1643	0.5391	0.0789
3	3750	206.3	36	71	206.3	0.5333	0.2413	1.0266	0.4522
3	4583.3	245.3	42.8	77.8	245.3	0.5333	0.0051	1.0266	0.4522
3	3750	206.3	36	71	206.3	0.5333	0.2413	1.0266	0.4522
3	2916.7	64.4	167.3	192.3	64.4	0.2537	0.6817	2.3014	0.1498
1	4583.3	42.8	104.4	133.4	42.8	0.0678	0.1643	0.5391	0.0789
3	6250	323.3	56.4	91.4	323.3	0.5333	0.0361	0.4216	0.0069
1	1250	15.6	38	67	15.6	0.0678	0.1643	0.5391	0.0789
2	2916.7	71.2	71.2	96.2	71.2	0.0678	0.2601	0.5391	0.0503
2	4583.3	104.4	94.4	123.9	104.4	0.0678	0.0143	0.0289	0.0503
1	6250	124.4	124.4	142.9	124.4	0.2537	0.2339	0.6288	0.1498
3	4583.3	104.4	104.4	129.4	104.4	0.0678	0.2601	0.5391	0.0503
2	6250	175.7	175.7	194.2	175.7	0.2537	0.0233	0.0219	0.1498
2	5416.7	335.3	72.9	107.9	335.3	0.5333	0.0361	0.4216	0.0069
3	3750	243.3	52.9	87.9	243.3	0.5333	0.0156	0.0058	0.4522
1	2083.3	22.4	54.6	83.6	22.4	0.0678	0.1643	0.5391	0.0789
3	3750	206.3	36	71	206.3	0.5333	0.0361	0.4216	0.0069
3	2916.7	29.2	64.4	99.4	29.2	0.0678	0.0897	1.0905	0.0789
2	6250	323.3	56.4	91.4	323.3	0.5333	0.0051	1.0266	0.4522
3	3750	36	79.4	114.4	36	0.0678	0.0559	0.6456	0.0789
2	7083.3	362.3	63.2	98.2	362.3	0.5333	0.2413	1.0266	0.4522
3	2916.7	71.2	64.4	93.9	71.2	0.0678	0.1082	0.324	0.0503
1	5416.7	49.6	121	150	49.6	0.0678	0.1643	0.5391	0.0789
3	2916.7	151	32.6	67.6	151	0.5333	0.2413	1.0266	0.4522
3	3750	186.2	40.2	75.2	186.2	0.5333	0.2413	1.0266	0.4522
2	1250	92.1	26.1	61.1	92.1	0.5333	0.0361	0.4216	0.0069
2	2083.3	37.5	57.9	86.9	37.5	0.0678	0.0014	0.0029	0.0789
3	2083.3	132.3	37.5	72.5	132.3	0.5333	0.2413	1.0266	0.4522
3	4583.3	252.9	71.7	106.7	252.9	0.5333	0.0361	0.4216	0.0069
2	4583.3	252.9	71.7	106.7	252.9	0.5333	0.0361	0.4216	0.0069
1	3750	34.9	34.9	53.4	34.9	0.2537	0.2339	0.6288	0.1498
3	6250	63	92.8	127.8	63	0.0678	0.0102	0.0209	0.0789
3	9583.3	137.6	93.4	117.4	137.6	0.1049	0.0613	0.3087	0.0079
3	4583.3	221.4	47.8	82.8	221.4	0.5333	0.0051	1.0266	0.4522
2	3750	206.3	36	71	206.3	0.5333	0.1665	0.3975	0.4522
4	2083.3	21.7	21.7	40.2	21.7	0.2537	0.2339	0.6288	0.1498
3	1250	10.5	15.1	50.1	10.5	0.0678	0.0102	0.0209	0.0789
3	3750	206.3	36	71	206.3	0.5333	0.2413	1.0266	0.4522
3	4583.3	252.9	71.7	106.7	252.9	0.5333	0.1665	0.3975	0.4522
4	2916.7	75.5	75.5	100.5	75.5	0.0678	0.2601	0.5391	0.0503
3	1250	26.1	37.1	72.1	26.1	0.0678	0.0108	0.2377	0.0025
3	416.7	22.7	20.9	50.4	22.7	0.0678	0.0016	0.1176	0.0503
2	4583.3	71.7	101.9	136.9	71.7	0.0678	0.0559	0.6456	0.0789
1	7916.7	117.3	181.1	210.1	117.3	0.0678	0.1643	0.5391	0.0789
3	8750	453.9	128.7	163.7	453.9	0.5333	0.0361	0.4216	0.0069
4	1250	26.1	40.3	69.3	26.1	0.0678	0.0499	0.2421	0.0025
3	2083.3	132.3	37.5	72.5	132.3	0.5333	0.2413	1.0266	0.4522
2	2916.7	69.5	69.5	88	69.5	0.2537	0.2339	0.6288	0.1498
2	2916.7	69.5	48.9	72.9	69.5	0.1049	0.0023	0.0046	0.0451
2	4583.3	70.4	47.8	71.8	70.4	0.1049	0.1574	0.4671	0.0451
3	5416.7	116.6	116.6	141.6	116.6	0.0678	0.0276	0.0029	0.0503
4	4583.3	47.8	100.6	129.6	47.8	0.0678	0.0014	0.0029	0.0789
3	1250	80.6	17.4	52.4	80.6	0.5333	0.2413	1.0266	0.4522
3	7916.7	115.2	362.2	387.2	115.2	0.2537	0.6817	2.3014	0.1498
3	6250	291.8	63	98	291.8	0.5333	0.0156	0.0058	0.4522
4	2916.7	32.6	68.6	97.6	32.6	0.0678	0.1643	0.5391	0.0789
3	1250	36.6	36.6	61.6	36.6	0.0678	0.1491	0.2421	0.0052
3	416.7	39.5	5.9	40.9	39.5	0.5333	0.2413	1.0266	0.4522
1	12500	120	252.6	281.6	120	0.0678	0.1643	0.5391	0.0789
3	2083.3	100.7	15.1	50.1	100.7	0.5333	0.0156	0.0058	0.4522
3	5416.7	223.1	33.5	68.5	223.1	0.5333	0.0156	0.0058	0.4522
3	3750	161.9	24.3	59.3	161.9	0.5333	0.0156	0.0058	0.4522
3	8750	453.9	128.7	163.7	453.9	0.5333	0.2413	1.0266	0.4522
3	4583.3	252.9	71.7	106.7	252.9	0.5333	0.0156	0.0058	0.4522
2	12500	255.8	180	204	255.8	0.1049	0.1574	0.4671	0.0451
3	4583.3	71.7	110.7	139.7	71.7	0.0678	0.0971	0.1648	0.0789
2	1250	92.1	26.1	61.1	92.1	0.5333	0.2413	1.0266	0.4522
3	5416.7	81.6	55.4	79.4	81.6	0.1049	0.1574	0.4671	0.0451
4	4583.3	47.8	100.6	129.6	47.8	0.0678	0.0014	0.0029	0.0789
3	4583.3	221.4	47.8	82.8	221.4	0.5333	0.0361	0.4216	0.0069
3	1250	10.5	15.1	50.1	10.5	0.0678	0.0102	0.0209	0.0789
4	2083.3	5.9	5.9	30.9	5.9	0.0678	0.2601	0.5391	0.0503
4	4583.3	11.3	11.3	36.3	11.3	0.0678	0.0276	0.0029	0.0503
4	4583.3	6.3	6.3	35.3	6.3	0.0678	0.1643	0.5391	0.0789
2	3750	18	18	47	18	0.0678	0.0014	0.0029	0.0789
3	3750	18	18	43	18	0.0678	0.023	0.1648	0.0503
3	3750	18	18	47	18	0.0678	0.1643	0.5391	0.0789
2	10416.7	45.2	45.2	70.2	45.2	0.0678	0.2601	0.5391	0.0503
1	4583.3	21.4	21.4	46.4	21.4	0.0678	0.1491	0.2421	0.0052
1	3750	9.5	9.5	34.5	9.5	0.0678	0.2601	0.5391	0.0503
2	3750	316.3	51.8	86.8	316.3	0.5333	0.2413	1.0266	0.4522
2	2083.3	32.2	5.9	34.9	32.2	0.0678	0.0014	0.0029	0.0789
4	3750	9.5	9.5	34.5	9.5	0.0678	0.0276	0.0029	0.0503
2	4583.3	11.3	11.3	36.3	11.3	0.0678	0.0276	0.0029	0.0503
1	3750	9.5	9.5	34.5	9.5	0.0678	0.0276	0.0029	0.0503
1	5416.7	71.4	13.1	42.1	71.4	0.0678	0.1643	0.5391	0.0789
2	5416.7	14.6	14.6	39.6	14.6	0.0678	0.2601	0.5391	0.0503
3	2916.7	8.6	8.6	33.6	8.6	0.0678	0.1491	0.2421	0.0052
3	4583.3	56.6	12.6	41.6	56.6	0.0678	0.0499	0.2421	0.0025
3	7083.3	18.6	18.6	43.6	18.6	0.0678	0.2601	0.5391	0.0503
4	2916.7	8.6	8.6	33.6	8.6	0.0678	0.2601	0.5391	0.0503
2	8750	359	666.1	691.1	359	0.2537	0.0531	0.0052	0.1498
3	2083.3	29.6	6.6	35.6	29.6	0.0678	0.0499	0.2421	0.0025
2	1250	135.1	20.6	55.6	135.1	0.5333	0.2413	1.0266	0.4522
3	1250	4.6	4.6	29.6	4.6	0.0678	0.023	0.1648	0.0503
2	2083.3	6.6	6.6	31.6	6.6	0.0678	0.0031	0.0041	0.0503
2	7083.3	31.6	31.6	56.6	31.6	0.0678	0.1491	0.2421	0.0052
3	5416.7	24.8	24.8	49.8	24.8	0.0678	0.1491	0.2421	0.0052
4	2083.3	13.8	13.8	42.8	13.8	0.0678	0.0499	0.2421	0.0025
3	5416.7	30.6	30.6	59.6	30.6	0.0678	0.1643	0.5391	0.0789
2	2916.7	214.5	4.3	39.3	214.5	0.5333	0.0051	1.0266	0.4522
2	3750	264.5	5.3	40.3	264.5	0.5333	0.0156	0.0058	0.4522
3	2916.7	4.3	4.3	33.3	4.3	0.0678	0.0971	0.1648	0.0789
1	1250	4.1	4.1	29.1	4.1	0.0678	0.2601	0.5391	0.0503
4	2083.3	5.9	5.9	30.9	5.9	0.0678	0.0276	0.0029	0.0503
1	5416.7	71.4	13.1	42.1	71.4	0.0678	0.0499	0.2421	0.0025
2	2083.3	5.9	5.9	30.9	5.9	0.0678	0.0276	0.0029	0.0503
4	3750	15.9	15.9	40.9	15.9	0.0678	0.0276	0.0029	0.0503
2	416.7	6.5	3.9	32.9	6.5	0.0678	0.0014	0.0029	0.0789
2	4583.3	12.6	12.6	37.6	12.6	0.0678	0.0276	0.0029	0.0503
2	2083.3	6.6	6.6	31.6	6.6	0.0678	0.1491	0.2421	0.0052
4	2083.3	6.6	6.6	31.6	6.6	0.0678	0.2601	0.5391	0.0503
3	2916.7	7.7	7.7	32.7	7.7	0.0678	0.0276	0.0029	0.0503
2	2083.3	164.5	3.3	38.3	164.5	0.5333	0.1665	0.3975	0.4522
3	3750	5.3	5.3	30.3	5.3	0.0678	0.0276	0.0029	0.0503
2	2083.3	3.3	3.3	32.3	3.3	0.0678	0.0014	0.0029	0.0789
3	3750	5.3	5.3	34.3	5.3	0.0678	0.0971	0.1648	0.0789
4	1250	2.3	2.3	31.3	2.3	0.0678	0.0971	0.1648	0.0789
2	3750	264.5	5.3	40.3	264.5	0.5333	0.0051	1.0266	0.4522
3	5416.7	7.3	7.3	36.3	7.3	0.0678	0.0014	0.0029	0.0789
1	10416.7	13.3	13.3	42.3	13.3	0.0678	0.1643	0.0041	0.0789
3	2916.7	214.5	4.3	39.3	214.5	0.5333	0.2413	1.0266	0.4522
3	2916.7	4.3	4.3	29.3	4.3	0.0678	0.023	0.1648	0.0503
3	5416.7	166.2	7.3	31.3	166.2	0.1049	0.0613	0.3087	0.0079
3	4583.3	6.3	6.3	35.3	6.3	0.0678	0.0971	0.1648	0.0789
2	6250	189	8.3	32.3	189	0.1049	0.0613	0.3087	0.0079
3	2083.3	164.5	3.3	38.3	164.5	0.5333	0.0361	0.4216	0.0069
3	2916.7	4.3	4.3	33.3	4.3	0.0678	0.0499	0.2421	0.0025
3	1250	114.5	2.3	37.3	114.5	0.5333	0.2413	1.0266	0.4522
4	1250	2.3	2.3	31.3	2.3	0.0678	0.1643	0.5391	0.0789
4	2083.3	75	75	93.5	75	0.2537	0.0233	0.0219	0.1498
4	2916.7	4.3	4.3	33.3	4.3	0.0678	0.1643	0.5391	0.0789
2	2916.7	214.5	4.3	39.3	214.5	0.5333	0.0051	1.0266	0.4522
2	2083.3	75	3.3	27.3	75	0.1049	0.1574	0.4671	0.0451
3	1250	11.5	6.9	35.9	11.5	0.0678	0.0971	0.1648	0.0789
3	4583.3	31.5	18.9	47.9	31.5	0.0678	0.1643	0.5391	0.0789
3	8750	33.9	33.9	58.9	33.9	0.0678	0.2601	0.5391	0.0503
2	12500	843.2	53.7	88.7	843.2	0.5333	0.2413	1.0266	0.4522
3	5416.7	364.5	7.3	42.3	364.5	0.5333	0.0051	1.0266	0.4522
3	4583.3	314.5	6.3	41.3	314.5	0.5333	0.2413	1.0266	0.4522
3	3750	5.3	5.3	30.3	5.3	0.0678	0.023	0.1648	0.0503
2	3750	264.5	5.3	40.3	264.5	0.5333	0.2413	1.0266	0.4522
3	5416.7	7.3	7.3	36.3	7.3	0.0678	0.0971	0.1648	0.0789
2	2916.7	97.8	4.3	28.3	97.8	0.1049	0.0023	0.0046	0.0451
4	2083.3	3.3	3.3	28.3	3.3	0.0678	0.0276	0.0029	0.0503
1	6250	8.3	8.3	33.3	8.3	0.0678	0.2601	0.5391	0.0503
3	3750	10.6	10.6	35.6	10.6	0.0678	0.0276	0.0029	0.0503
1	2083.3	11.2	11.2	36.2	11.2	0.0678	0.2601	0.5391	0.0503
1	8750	38.4	38.4	63.4	38.4	0.0678	0.2601	0.5391	0.0503
2	2916.7	8.6	8.6	33.6	8.6	0.0678	0.0276	0.0029	0.0503
3	2916.7	38.6	8.6	37.6	38.6	0.0678	0.0499	0.2421	0.0025
3	2916.7	4.3	4.3	29.3	4.3	0.0678	0.2601	0.5391	0.0503
2	2916.7	4.3	4.3	29.3	4.3	0.0678	0.0276	0.0029	0.0503
3	2083.3	75	3.3	27.3	75	0.1049	0.0023	0.0046	0.0451
2	2916.7	214.5	4.3	39.3	214.5	0.5333	0.0051	1.0266	0.4522
2	3750	5.3	5.3	30.3	5.3	0.0678	0.0276	0.0029	0.0503
3	4583.3	143.4	6.3	30.3	143.4	0.1049	0.1574	0.4671	0.0451
3	2916.7	4.3	4.3	29.3	4.3	0.0678	0.1491	0.2421	0.0052
3	4583.3	6.3	6.3	35.3	6.3	0.0678	0.1643	0.5391	0.0789
2	4583.3	6.3	6.3	31.3	6.3	0.0678	0.2601	0.5391	0.0503
3	2916.7	4.3	4.3	29.3	4.3	0.0678	0.0276	0.0029	0.0503
4	2083.3	3.3	3.3	28.3	3.3	0.0678	0.1491	0.2421	0.0052
3	2083.3	26.3	3.3	32.3	26.3	0.0678	0.1643	0.0041	0.0789
4	2916.7	4.3	4.3	29.3	4.3	0.0678	0.2601	0.5391	0.0503
4	1250	2.3	2.3	27.3	2.3	0.0678	0.2601	0.5391	0.0503
4	1250	2.3	2.3	27.3	2.3	0.0678	0.2601	0.5391	0.0503
1	2916.7	4.3	4.3	29.3	4.3	0.0678	0.2601	0.5391	0.0503
2	6250	8.3	8.3	33.3	8.3	0.0678	0.2601	0.5391	0.0503
2	5416.7	7.3	7.3	32.3	7.3	0.0678	0.2601	0.5391	0.0503
4	10416.7	13.3	13.3	38.3	13.3	0.0678	0.2601	0.5391	0.0503
2	2083.3	3.3	3.3	28.3	3.3	0.0678	0.023	0.1648	0.0503
2	4583.3	6.3	6.3	31.3	6.3	0.0678	0.1491	0.2421	0.0052
3	2083.3	26.3	3.3	32.3	26.3	0.0678	0.0971	0.1648	0.0789
2	2916.7	4.3	4.3	29.3	4.3	0.0678	0.0276	0.0029	0.0503
2	4583.3	6.3	6.3	31.3	6.3	0.0678	0.0276	0.0029	0.0503
3	6250	74.6	16.6	45.6	74.6	0.0678	0.0499	0.2421	0.0025
4	2916.7	4.3	4.3	29.3	4.3	0.0678	0.2601	0.5391	0.0503
3	4583.3	6.3	6.3	31.3	6.3	0.0678	0.2601	0.5391	0.0503
1	1250	2.3	2.3	27.3	2.3	0.0678	0.0276	0.0029	0.0503
4	3750	5.3	5.3	30.3	5.3	0.0678	0.0276	0.0029	0.0503
2	2083.3	3.3	3.3	28.3	3.3	0.0678	0.0276	0.0029	0.0503
2	1250	2.3	2.3	27.3	2.3	0.0678	0.0276	0.0029	0.0503
2	2916.7	34.3	4.3	33.3	34.3	0.0678	0.0014	0.0029	0.0789
3	4583.3	6.3	6.3	31.3	6.3	0.0678	0.0276	0.0029	0.0503
2	7083.3	9.3	9.3	34.3	9.3	0.0678	0.2601	0.5391	0.0503
1	3750	306.8	42.3	77.3	306.8	0.5333	0.2413	1.0266	0.4522
2	5416.7	65.6	231.8	266.8	65.6	0.0678	0.0897	1.0905	0.0789
2	6250	8.3	8.3	33.3	8.3	0.0678	0.0276	0.0029	0.0503
3	2916.7	132.1	34.3	58.3	132.1	0.1049	0.0613	0.3087	0.0079
3	2083.3	26.3	3.3	32.3	26.3	0.0678	0.0014	0.0029	0.0789
3	5416.7	7.3	7.3	32.3	7.3	0.0678	0.2601	0.5391	0.0503
2	7916.7	51.5	30.9	59.9	51.5	0.0678	0.1643	0.5391	0.0789
2	7916.7	30.9	30.9	55.9	30.9	0.0678	0.2601	0.5391	0.0503
2	2916.7	12.9	12.9	37.9	12.9	0.0678	0.0276	0.0029	0.0503
3	5416.7	21.9	21.9	46.9	21.9	0.0678	0.023	0.1648	0.0503
1	5416.7	24.8	24.8	49.8	24.8	0.0678	0.2601	0.5391	0.0503
3	4583.3	21.4	21.4	50.4	21.4	0.0678	0.1643	0.5391	0.0789
3	6250	456	41.5	76.5	456	0.5333	0.0361	0.4216	0.0069
2	2916.7	12.9	12.9	37.9	12.9	0.0678	0.2601	0.5391	0.0503
3	2916.7	119.3	236	261	119.3	0.2537	0.0531	0.0052	0.1498
2	3750	15.9	15.9	40.9	15.9	0.0678	0.2601	0.5391	0.0503
2	6250	24.9	24.9	49.9	24.9	0.0678	0.2601	0.5391	0.0503
3	7083.3	46.5	27.9	56.9	46.5	0.0678	0.1643	0.0041	0.0789
1	1250	4.1	4.1	29.1	4.1	0.0678	0.2601	0.5391	0.0503
4	1250	4.1	4.1	29.1	4.1	0.0678	0.2601	0.5391	0.0503
2	4583.3	130.8	130.8	155.8	130.8	0.0678	0.2601	0.5391	0.0503
2	3750	119.6	73	97	119.6	0.1049	0.0238	0.0468	0.0451
2	2083.3	45.4	74.4	109.4	45.4	0.0678	0.0897	1.0905	0.0789
3	2083.3	45.4	74.4	109.4	45.4	0.0678	0.0559	0.6456	0.0789
2	3750	119.6	73	97	119.6	0.1049	0.1574	0.4671	0.0451
3	1250	31.6	51.8	86.8	31.6	0.0678	0.0102	0.0209	0.0789
3	1250	106.7	31.6	66.6	106.7	0.5333	0.0361	0.4216	0.0069
1	1250	37.1	37.1	66.1	37.1	0.0678	0.1643	0.5391	0.0789
4	416.7	20.9	20.9	49.9	20.9	0.0678	0.1643	0.5391	0.0789
3	5416.7	393.7	154.5	189.5	393.7	0.5333	0.0156	0.0058	0.4522
3	2083.3	177.7	69.7	104.7	177.7	0.5333	0.0361	0.4216	0.0069
3	416.7	26.8	26.8	51.8	26.8	0.0678	0.1491	0.2421	0.0052
3	3750	110	110	135	110	0.0678	0.2601	0.5391	0.0503
2	5416.7	151.6	236.2	271.2	151.6	0.0678	0.0102	0.0209	0.0789
2	12500	511.6	328.4	352.4	511.6	0.1049	0.0023	0.0046	0.0451
3	4583.3	353.5	130.8	165.8	353.5	0.5333	0.2413	1.0266	0.4522
2	2083.3	68.4	106.6	141.6	68.4	0.0678	0.0559	0.6456	0.0789
4	2916.7	90.9	90.9	119.9	90.9	0.0678	0.0014	0.0029	0.0789
2	2916.7	133	90.9	114.9	133	0.1049	0.0023	0.0046	0.0451
3	2916.7	90.9	133	162.5	90.9	0.0678	0.0732	0.1726	0.0052
3	416.7	65	26.6	61.6	65	0.5333	0.2413	1.0266	0.4522
3	2916.7	216.2	88.4	123.4	216.2	0.5333	0.0156	0.0058	0.4522
2	5416.7	319.3	247.9	271.9	319.3	0.1049	0.0613	0.3087	0.0079
2	7083.3	295.4	115.2	139.2	295.4	0.1049	0.1574	0.4671	0.0451
4	5416.7	150.2	170.6	199.6	150.2	0.0678	0.1643	0.5391	0.0789
3	5416.7	367.4	150.2	185.2	367.4	0.5333	0.2413	1.0266	0.4522
3	6250	170.8	218.9	253.9	170.8	0.0678	0.0108	0.2377	0.0025
3	2916.7	88.4	113.3	148.3	88.4	0.0678	0.0559	0.6456	0.0789
1	1250	47.2	53.6	82.6	47.2	0.0678	0.1643	0.5391	0.0789
4	4583.3	129.6	147.2	176.2	129.6	0.0678	0.1643	0.5391	0.0789
4	3750	109	123.8	152.8	109	0.0678	0.1643	0.5391	0.0789
3	8750	569	232.6	267.6	569	0.5333	0.2413	1.0266	0.4522
3	2916.7	88.4	100.4	129.4	88.4	0.0678	0.1643	0.5391	0.0789
3	4583.3	317	129.6	164.6	317	0.5333	0.1665	0.3975	0.4522
3	2083.3	106.6	168.4	193.4	106.6	0.2537	0.6817	2.3014	0.1498
3	3750	140.7	159.8	188.8	140.7	0.0678	0.0499	0.2421	0.0025
2	3750	171.4	140.7	164.7	171.4	0.1049	0.1574	0.4671	0.0451
2	3750	171.4	270.8	295.8	171.4	0.2537	0.0531	0.0052	0.1498
3	3750	107.9	138.6	173.6	107.9	0.0678	0.0559	0.6456	0.0789
2	4583.3	115.7	79.3	103.3	115.7	0.1049	0.0023	0.0046	0.0451
3	4583.3	266.7	79.3	114.3	266.7	0.5333	0.0361	0.4216	0.0069
2	2916.7	86.7	37.8	61.8	86.7	0.1049	0.0023	0.0046	0.0451
2	416.7	58.1	11.4	46.4	58.1	0.5333	0.0361	0.4216	0.0069
2	2916.7	86.7	37.8	61.8	86.7	0.1049	0.0023	0.0046	0.0451
3	3750	85.7	60.3	84.3	85.7	0.1049	0.0023	0.0046	0.0451
3	3750	212.7	60.3	95.3	212.7	0.5333	0.0156	0.0058	0.4522
3	3750	212.7	60.3	95.3	212.7	0.5333	0.0156	0.0058	0.4522
3	2916.7	69.5	48.9	72.9	69.5	0.1049	0.0023	0.0046	0.0451
1	3750	85.7	85.7	104.2	85.7	0.2537	0.0233	0.0219	0.1498
2	2083.3	53.3	37.5	61.5	53.3	0.1049	0.1574	0.4671	0.0451
2	2916.7	172.5	48.9	83.9	172.5	0.5333	0.2413	1.0266	0.4522
3	3750	212.7	60.3	95.3	212.7	0.5333	0.0361	0.4216	0.0069
4	3750	224.3	66.7	101.7	224.3	0.5333	0.2413	1.0266	0.4522
4	2083.3	34.9	34.9	63.9	34.9	0.0678	0.1643	0.5391	0.0789
3	5416.7	360.1	77.3	112.3	360.1	0.5333	0.0156	0.0058	0.4522
3	2083.3	34.9	34.9	59.9	34.9	0.0678	0.0276	0.0029	0.0503
3	3750	261.3	56.1	91.1	261.3	0.5333	0.0156	0.0058	0.4522
3	4583.3	66.7	154.7	189.7	66.7	0.0678	0.0559	0.6456	0.0789
3	5416.7	77.3	77.3	106.3	77.3	0.0678	0.0971	0.1648	0.0789
3	3750	266.6	109	144	266.6	0.5333	0.2413	1.0266	0.4522
3	2916.7	191.3	64.4	99.4	191.3	0.5333	0.2413	1.0266	0.4522
2	9583.3	253.2	184.4	208.4	253.2	0.1049	0.0023	0.0046	0.0451
3	2916.7	191.3	64.4	99.4	191.3	0.5333	0.0361	0.4216	0.0069
2	2083.3	49.4	67.8	102.8	49.4	0.0678	0.0897	1.0905	0.0789
2	2916.7	191.3	64.4	99.4	191.3	0.5333	0.0361	0.4216	0.0069
2	1250	102.1	34.4	69.4	102.1	0.5333	0.0051	1.0266	0.4522
3	2916.7	191.3	64.4	99.4	191.3	0.5333	0.1665	0.3975	0.4522
3	2083.3	146.7	49.4	84.4	146.7	0.5333	0.0361	0.4216	0.0069
3	3750	235.9	79.4	114.4	235.9	0.5333	0.0361	0.4216	0.0069
4	1250	34.4	38	67	34.4	0.0678	0.1643	0.5391	0.0789
3	2083.3	67.8	49.4	73.4	67.8	0.1049	0.0613	0.3087	0.0079
4	1250	20.2	20.2	49.2	20.2	0.0678	0.1643	0.5391	0.0789
2	2083.3	74.4	45.4	69.4	74.4	0.1049	0.0023	0.0046	0.0451
2	2916.7	191.3	64.4	99.4	191.3	0.5333	0.2413	1.0266	0.4522
3	5416.7	322.2	94.8	129.8	322.2	0.5333	0.1665	0.3975	0.4522
2	2916.7	189.6	55.8	90.8	189.6	0.5333	0.2413	1.0266	0.4522
3	7916.7	489.8	59.7	94.7	489.8	0.5333	0.2413	1.0266	0.4522
3	2083.3	75	19.1	43.1	75	0.1049	0.0613	0.3087	0.0079
3	3750	251.8	30.7	65.7	251.8	0.5333	0.2413	1.0266	0.4522
3	4583.3	36.5	36.5	61.5	36.5	0.0678	0.2601	0.5391	0.0503
4	1250	13.3	13.3	42.3	13.3	0.0678	0.1643	0.5391	0.0789
2	4583.3	322	167.3	202.3	322	0.5333	0.1665	0.3975	0.4522
1	1250	74.2	74.2	92.7	74.2	0.2537	0.0008	0.0027	0.1498
3	8750	578	300.3	335.3	578	0.5333	0.2413	1.0266	0.4522
3	2916.7	139	114.1	138.1	139	0.1049	0.1574	0.4671	0.0451
3	2916.7	197.3	42.9	77.9	197.3	0.5333	0.0361	0.4216	0.0069
2	3750	233.8	68.8	103.8	233.8	0.5333	0.0156	0.0058	0.4522
3	7916.7	133.8	133.8	158.8	133.8	0.0678	0.1491	0.2421	0.0052
4	5416.7	94.8	94.8	123.8	94.8	0.0678	0.1643	0.5391	0.0789
3	7916.7	133.8	133.8	158.8	133.8	0.0678	0.0276	0.0029	0.0503
2	4583.3	127.1	81.8	105.8	127.1	0.1049	0.0613	0.3087	0.0079
3	1250	47.2	34.4	58.4	47.2	0.1049	0.0613	0.3087	0.0079
1	5416.7	109.4	121	150	109.4	0.0678	0.1643	0.5391	0.0789
2	7083.3	154.2	154.2	179.2	154.2	0.0678	0.2601	0.5391	0.0503
3	9583.3	253.2	184.4	208.4	253.2	0.1049	0.0613	0.3087	0.0079
3	2916.7	181.9	54.1	89.1	181.9	0.5333	0.2413	1.0266	0.4522
2	2916.7	78.9	54.1	78.1	78.9	0.1049	0.0023	0.0046	0.0451
2	6250	104.5	127.7	156.7	104.5	0.0678	0.0014	0.0029	0.0789
3	6250	373.1	73	108	373.1	0.5333	0.2413	1.0266	0.4522
2	2916.7	45.5	45.5	70.5	45.5	0.0678	0.1491	0.2421	0.0052
4	2916.7	45.5	45.5	74.5	45.5	0.0678	0.1643	0.0041	0.0789
3	3750	106.9	68.8	92.8	106.9	0.1049	0.0023	0.0046	0.0451
2	3750	233.8	68.8	103.8	233.8	0.5333	0.0361	0.4216	0.0069
2	5416.7	147.3	94.8	118.8	147.3	0.1049	0.0023	0.0046	0.0451
2	5416.7	147.3	94.8	118.8	147.3	0.1049	0.0238	0.0468	0.0451
3	2916.7	189.6	55.8	90.8	189.6	0.5333	0.2413	1.0266	0.4522
3	2083.3	66.5	42.8	66.8	66.5	0.1049	0.0613	0.3087	0.0079
2	4583.3	278	81.8	116.8	278	0.5333	0.1665	0.3975	0.4522
3	3750	233.8	68.8	103.8	233.8	0.5333	0.0156	0.0058	0.4522
3	2083.3	66.5	42.8	66.8	66.5	0.1049	0.0238	0.0468	0.0451
3	4583.3	278	81.8	116.8	278	0.5333	0.0361	0.4216	0.0069
3	2916.7	55.8	55.8	80.8	55.8	0.0678	0.1491	0.2421	0.0052
4	3750	68.8	68.8	97.8	68.8	0.0678	0.1643	0.5391	0.0789
2	5416.7	42.3	166.2	201.2	42.3	0.0678	0.0897	1.0905	0.0789
2	4583.3	36.5	36.5	65.5	36.5	0.0678	0.1643	0.5391	0.0789
3	1250	13.3	13.3	38.3	13.3	0.0678	0.2601	0.5391	0.0503
2	2916.7	97.8	24.9	48.9	97.8	0.1049	0.0023	0.0046	0.0451
2	4583.3	36.5	36.5	65.5	36.5	0.0678	0.0499	0.2421	0.0025
3	1250	13.3	13.3	38.3	13.3	0.0678	0.023	0.1648	0.0503
3	3750	109	139.7	174.7	109	0.0678	0.0559	0.6456	0.0789
3	2916.7	216.2	88.4	123.4	216.2	0.5333	0.0361	0.4216	0.0069
2	3750	139.7	109	133	139.7	0.1049	0.1574	0.4671	0.0451
3	2916.7	113.3	88.4	112.4	113.3	0.1049	0.0023	0.0046	0.0451
4	4583.3	129.6	147.2	176.2	129.6	0.0678	0.1643	0.5391	0.0789
3	2083.3	146.7	49.4	84.4	146.7	0.5333	0.0361	0.4216	0.0069
1	3750	87.8	87.8	112.8	87.8	0.0678	0.2601	0.5391	0.0503
3	7083.3	414.3	139.4	174.4	414.3	0.5333	0.2413	1.0266	0.4522
2	4583.3	94.4	104.4	133.4	94.4	0.0678	0.1643	0.5391	0.0789
1	3750	66.7	81.5	110.5	66.7	0.0678	0.1643	0.5391	0.0789
3	2083.3	41.5	50.7	79.7	41.5	0.0678	0.1643	0.5391	0.0789
2	6250	351.5	104.5	139.5	351.5	0.5333	0.0156	0.0058	0.4522
4	2083.3	41.5	50.7	79.7	41.5	0.0678	0.0499	0.2421	0.0025
4	5416.7	91.9	112.3	141.3	91.9	0.0678	0.0014	0.0029	0.0789
3	4583.3	115.7	79.3	103.3	115.7	0.1049	0.0613	0.3087	0.0079
3	2083.3	41.5	60.5	95.5	41.5	0.0678	0.0559	0.6456	0.0789
3	2083.3	50.7	60.5	90	50.7	0.0678	0.0732	0.1726	0.0052
3	2083.3	139.5	41.5	76.5	139.5	0.5333	0.0156	0.0058	0.4522
3	6250	351.5	104.5	139.5	351.5	0.5333	0.0361	0.4216	0.0069
4	2916.7	54.1	66.1	95.1	54.1	0.0678	0.1643	0.5391	0.0789
3	2916.7	181.9	54.1	89.1	181.9	0.5333	0.2413	1.0266	0.4522
3	1250	28.9	35.3	64.3	28.9	0.0678	0.0499	0.2421	0.0025
4	416.7	23.7	23.7	42.2	23.7	0.2537	0.0233	0.0219	0.1498
3	416.7	54.7	16.3	51.3	54.7	0.5333	0.0156	0.0058	0.4522
2	1250	28.9	35.3	64.3	28.9	0.0678	0.0014	0.0029	0.0789
3	3750	56.1	92	127	56.1	0.0678	0.0102	0.0209	0.0789
3	4583.3	260.4	66.7	101.7	260.4	0.5333	0.0156	0.0058	0.4522
3	5416.7	301.8	77.3	112.3	301.8	0.5333	0.1665	0.3975	0.4522
2	2083.3	34.9	44.1	73.1	34.9	0.0678	0.0971	0.1648	0.0789
3	3750	92	56.1	80.1	92	0.1049	0.0238	0.0468	0.0451
2	7083.3	384.6	98.5	133.5	384.6	0.5333	0.2413	1.0266	0.4522
3	4583.3	260.4	66.7	101.7	260.4	0.5333	0.0156	0.0058	0.4522
4	2083.3	34.9	44.1	73.1	34.9	0.0678	0.0014	0.0029	0.0789
1	5416.7	97.7	97.7	122.7	97.7	0.0678	0.1491	0.2421	0.0052
1	2083.3	44.1	44.1	69.1	44.1	0.0678	0.2601	0.5391	0.0503
3	416.7	53.4	13.7	48.7	53.4	0.5333	0.0156	0.0058	0.4522
3	2916.7	74.6	177.6	202.6	74.6	0.2537	0.0531	0.0052	0.1498
4	6250	144.2	144.2	162.7	144.2	0.2537	0.0233	0.0219	0.1498
3	3750	92	219	244	92	0.2537	0.6817	2.3014	0.1498
4	2083.3	136.2	34.9	69.9	136.2	0.5333	0.1665	0.3975	0.4522
2	6250	144.2	87.9	111.9	144.2	0.1049	0.0023	0.0046	0.0451
1	3750	56.1	70.9	99.9	56.1	0.0678	0.1643	0.5391	0.0789
3	12500	167.4	211.6	240.6	167.4	0.0678	0.1643	0.5391	0.0789
3	2083.3	136.2	34.9	69.9	136.2	0.5333	0.0361	0.4216	0.0069
3	4583.3	260.4	66.7	101.7	260.4	0.5333	0.2413	1.0266	0.4522
2	6250	343.2	87.9	122.9	343.2	0.5333	0.1665	0.3975	0.4522
3	2916.7	74.6	177.6	202.6	74.6	0.2537	0.6817	2.3014	0.1498
2	3750	233.8	68.8	103.8	233.8	0.5333	0.2413	1.0266	0.4522
3	6250	343.2	87.9	122.9	343.2	0.5333	0.0051	1.0266	0.4522
3	3750	219	56.1	91.1	219	0.5333	0.2413	1.0266	0.4522
4	6250	87.9	111.1	140.1	87.9	0.0678	0.0499	0.2421	0.0025
3	2916.7	177.6	45.5	80.5	177.6	0.5333	0.0156	0.0058	0.4522
2	7083.3	104	70.6	94.6	104	0.1049	0.1574	0.4671	0.0451
3	2916.7	151	32.6	67.6	151	0.5333	0.0156	0.0058	0.4522
3	10416.7	101	212.6	241.6	101	0.0678	0.0971	0.1648	0.0789
3	2083.3	115.8	25	60	115.8	0.5333	0.2413	1.0266	0.4522
3	7083.3	386.5	42.7	77.7	386.5	0.5333	0.2413	1.0266	0.4522
2	7916.7	428.1	47.3	82.3	428.1	0.5333	0.0361	0.4216	0.0069
3	2916.7	72.1	19.7	43.7	72.1	0.1049	0.0023	0.0046	0.0451
3	3750	88.9	24.3	48.3	88.9	0.1049	0.0613	0.3087	0.0079
2	6250	305.1	19.9	54.9	305.1	0.5333	0.0361	0.4216	0.0069
2	6250	305.1	19.9	54.9	305.1	0.5333	0.0361	0.4216	0.0069
2	2916.7	54.9	10.3	34.3	54.9	0.1049	0.0613	0.3087	0.0079
2	2916.7	157.9	10.3	45.3	157.9	0.5333	0.0361	0.4216	0.0069
2	5416.7	268.3	17.5	52.5	268.3	0.5333	0.2413	1.0266	0.4522
3	1250	84.3	5.5	40.5	84.3	0.5333	0.2413	1.0266	0.4522
4	1250	10.5	13.7	42.7	10.5	0.0678	0.1643	0.5391	0.0789
4	3750	24.3	31.7	60.7	24.3	0.0678	0.0499	0.2421	0.0025
1	2083.3	15.1	19.7	48.7	15.1	0.0678	0.1643	0.5391	0.0789
2	3750	88.9	24.3	48.3	88.9	0.1049	0.0023	0.0046	0.0451
4	6250	38.1	49.7	78.7	38.1	0.0678	0.0499	0.2421	0.0025
2	3750	88.9	24.3	48.3	88.9	0.1049	0.1574	0.4671	0.0451
3	2916.7	72.1	19.7	43.7	72.1	0.1049	0.0023	0.0046	0.0451
3	2916.7	157.9	10.3	45.3	157.9	0.5333	0.0156	0.0058	0.4522
2	12500	581.1	37.9	72.9	581.1	0.5333	0.2413	1.0266	0.4522
3	7083.3	341.9	22.3	57.3	341.9	0.5333	0.0361	0.4216	0.0069
3	5416.7	268.3	17.5	52.5	268.3	0.5333	0.0156	0.0058	0.4522
3	7083.3	341.9	22.3	57.3	341.9	0.5333	0.1665	0.3975	0.4522
1	5416.7	17.5	78.7	107.7	17.5	0.0678	0.0014	0.0029	0.0789
3	3750	194.7	12.7	47.7	194.7	0.5333	0.0051	1.0266	0.4522
2	3750	67.7	12.7	36.7	67.7	0.1049	0.0002	0.0021	0.0451
2	3750	67.7	12.7	36.7	67.7	0.1049	0.0613	0.3087	0.0079
2	2083.3	42.1	7.9	31.9	42.1	0.1049	0.0023	0.0046	0.0451
2	2916.7	157.9	10.3	45.3	157.9	0.5333	0.2413	1.0266	0.4522
4	3750	12.7	57.1	86.1	12.7	0.0678	0.1643	0.5391	0.0789
1	6250	89.5	89.5	114.5	89.5	0.0678	0.023	0.1648	0.0503
2	2916.7	46.3	46.3	71.3	46.3	0.0678	0.1491	0.2421	0.0052
2	6250	106.1	19.9	43.9	106.1	0.1049	0.0023	0.0046	0.0451
4	7083.3	22.3	100.3	129.3	22.3	0.0678	0.1643	0.5391	0.0789
3	2083.3	121.1	7.9	42.9	121.1	0.5333	0.2413	1.0266	0.4522
3	2083.3	121.1	7.9	42.9	121.1	0.5333	0.1665	0.3975	0.4522
2	5416.7	93.3	17.5	41.5	93.3	0.1049	0.1574	0.4671	0.0451
2	2916.7	54.9	10.3	34.3	54.9	0.1049	0.0023	0.0046	0.0451
2	4583.3	80.5	15.1	39.1	80.5	0.1049	0.0613	0.3087	0.0079
2	3750	67.7	12.7	36.7	67.7	0.1049	0.0023	0.0046	0.0451
3	2916.7	54.9	10.3	34.3	54.9	0.1049	0.0613	0.3087	0.0079
2	8750	415.5	27.1	62.1	415.5	0.5333	0.0156	0.0058	0.4522
3	1250	95.3	10.5	45.5	95.3	0.5333	0.0361	0.4216	0.0069
1	12500	37.9	170.5	199.5	37.9	0.0678	0.0014	0.0029	0.0789
3	2083.3	121.1	7.9	42.9	121.1	0.5333	0.0361	0.4216	0.0069
3	2916.7	54.9	10.3	34.3	54.9	0.1049	0.0023	0.0046	0.0451
3	5416.7	268.3	17.5	52.5	268.3	0.5333	0.0361	0.4216	0.0069
2	2916.7	157.9	10.3	45.3	157.9	0.5333	0.0051	1.0266	0.4522
2	2916.7	157.9	10.3	45.3	157.9	0.5333	0.0156	0.0058	0.4522
2	4583.3	80.5	15.1	39.1	80.5	0.1049	0.1574	0.4671	0.0451
1	2916.7	10.3	46.3	75.3	10.3	0.0678	0.1643	0.5391	0.0789
3	6250	106.1	305.1	330.1	106.1	0.2537	0.0531	0.0052	0.1498
3	2916.7	157.9	10.3	45.3	157.9	0.5333	0.1665	0.3975	0.4522
2	6250	89.5	106.1	135.6	89.5	0.0678	0.0143	0.0289	0.0503
2	2916.7	54.9	10.3	34.3	54.9	0.1049	0.0023	0.0046	0.0451
2	4583.3	231.5	15.1	50.1	231.5	0.5333	0.0156	0.0058	0.4522
2	5416.7	268.3	17.5	52.5	268.3	0.5333	0.0361	0.4216	0.0069
3	9583.3	157.3	29.5	53.5	157.3	0.1049	0.0023	0.0046	0.0451
3	2083.3	121.1	7.9	42.9	121.1	0.5333	0.0361	0.4216	0.0069
3	4583.3	231.5	15.1	50.1	231.5	0.5333	0.0361	0.4216	0.0069
2	7083.3	341.9	22.3	57.3	341.9	0.5333	0.0361	0.4216	0.0069
2	4583.3	80.5	15.1	39.1	80.5	0.1049	0.1574	0.4671	0.0451
3	6250	344.9	38.1	73.1	344.9	0.5333	0.2413	1.0266	0.4522
3	3750	220.1	24.3	59.3	220.1	0.5333	0.0156	0.0058	0.4522
3	5416.7	122.5	33.5	57.5	122.5	0.1049	0.0613	0.3087	0.0079
3	2916.7	72.1	19.7	43.7	72.1	0.1049	0.0023	0.0046	0.0451
1	416.7	5.9	7.7	36.7	5.9	0.0678	0.0014	0.0029	0.0789
3	2083.3	136.9	15.1	50.1	136.9	0.5333	0.0156	0.0058	0.4522
3	2083.3	136.9	15.1	50.1	136.9	0.5333	0.0156	0.0058	0.4522
2	2083.3	136.9	15.1	50.1	136.9	0.5333	0.2413	1.0266	0.4522
3	1250	95.3	10.5	45.5	95.3	0.5333	0.0361	0.4216	0.0069
2	10416.7	223.3	61.1	85.1	223.3	0.1049	0.0613	0.3087	0.0079
2	7083.3	386.5	42.7	77.7	386.5	0.5333	0.0361	0.4216	0.0069
3	5416.7	303.3	33.5	68.5	303.3	0.5333	0.2413	1.0266	0.4522
1	3750	24.3	31.7	60.7	24.3	0.0678	0.1643	0.5391	0.0789
3	2916.7	72.1	19.7	43.7	72.1	0.1049	0.0613	0.3087	0.0079
2	12500	265.3	72.6	96.6	265.3	0.1049	0.0613	0.3087	0.0079
2	2916.7	178.5	19.7	54.7	178.5	0.5333	0.2413	1.0266	0.4522
3	2916.7	54.9	10.3	34.3	54.9	0.1049	0.1574	0.4671	0.0451
4	7083.3	22.3	100.3	129.3	22.3	0.0678	0.1643	0.5391	0.0789
2	12500	581.1	37.9	72.9	581.1	0.5333	0.2413	1.0266	0.4522
2	3750	67.7	12.7	36.7	67.7	0.1049	0.1574	0.4671	0.0451
2	5416.7	93.3	17.5	41.5	93.3	0.1049	0.0238	0.0468	0.0451
1	5416.7	93.3	93.3	111.8	93.3	0.2537	0.0233	0.0219	0.1498
3	3750	220.1	24.3	59.3	220.1	0.5333	0.0156	0.0058	0.4522
3	2916.7	178.5	19.7	54.7	178.5	0.5333	0.2413	1.0266	0.4522
2	12500	265.3	72.6	96.6	265.3	0.1049	0.1574	0.4671	0.0451
4	9583.3	56.5	73.7	102.7	56.5	0.0678	0.1643	0.5391	0.0789
3	5416.7	122.5	33.5	57.5	122.5	0.1049	0.0238	0.0468	0.0451
1	2083.3	15.1	19.7	48.7	15.1	0.0678	0.1643	0.5391	0.0789
2	4583.3	261.7	28.9	63.9	261.7	0.5333	0.0361	0.4216	0.0069
1	7083.3	42.7	55.7	84.7	42.7	0.0678	0.1643	0.5391	0.0789
2	8750	189.7	51.9	75.9	189.7	0.1049	0.0023	0.0046	0.0451
2	6250	344.9	38.1	73.1	344.9	0.5333	0.2413	1.0266	0.4522
2	2916.7	54.9	10.3	34.3	54.9	0.1049	0.0023	0.0046	0.0451
2	2916.7	157.9	10.3	45.3	157.9	0.5333	0.0361	0.4216	0.0069
3	8750	415.5	27.1	62.1	415.5	0.5333	0.0361	0.4216	0.0069
2	12500	581.1	37.9	72.9	581.1	0.5333	0.0156	0.0058	0.4522
3	7916.7	378.7	24.7	59.7	378.7	0.5333	0.1665	0.3975	0.4522
2	6250	19.9	106.1	141.1	19.9	0.0678	0.0108	0.2377	0.0025
3	3750	67.7	12.7	36.7	67.7	0.1049	0.0238	0.0468	0.0451
4	5416.7	17.5	78.7	107.7	17.5	0.0678	0.0499	0.2421	0.0025
2	9583.3	452.3	29.5	64.5	452.3	0.5333	0.2413	1.0266	0.4522
3	5416.7	93.3	17.5	41.5	93.3	0.1049	0.0613	0.3087	0.0079
4	3750	12.7	57.1	86.1	12.7	0.0678	0.1643	0.5391	0.0789
2	12500	202.1	37.9	61.9	202.1	0.1049	0.0023	0.0046	0.0451
3	10416.7	489.1	31.9	66.9	489.1	0.5333	0.2413	1.0266	0.4522
2	2916.7	54.9	10.3	34.3	54.9	0.1049	0.0613	0.3087	0.0079
4	1250	5.5	24.7	53.7	5.5	0.0678	0.0499	0.2421	0.0025
3	2916.7	10.3	54.9	89.9	10.3	0.0678	0.0897	1.0905	0.0789
2	3750	12.7	67.7	102.7	12.7	0.0678	0.0102	0.0209	0.0789
3	4583.3	231.5	15.1	50.1	231.5	0.5333	0.0361	0.4216	0.0069
1	2916.7	10.3	46.3	75.3	10.3	0.0678	0.1643	0.5391	0.0789
2	2083.3	42.1	7.9	31.9	42.1	0.1049	0.1574	0.4671	0.0451
3	4583.3	231.5	15.1	50.1	231.5	0.5333	0.1665	0.3975	0.4522
3	2083.3	121.1	7.9	42.9	121.1	0.5333	0.0361	0.4216	0.0069
2	4583.3	231.5	15.1	50.1	231.5	0.5333	0.0156	0.0058	0.4522
4	2916.7	10.3	46.3	75.3	10.3	0.0678	0.1643	0.5391	0.0789
1	1250	5.5	24.7	53.7	5.5	0.0678	0.1643	0.5391	0.0789
2	12500	202.1	37.9	61.9	202.1	0.1049	0.0238	0.0468	0.0451
4	5416.7	78.7	78.7	103.7	78.7	0.0678	0.2601	0.5391	0.0503
2	5416.7	268.3	17.5	52.5	268.3	0.5333	0.2413	1.0266	0.4522
1	2083.3	9.9	32.9	51.4	9.9	0.2537	0.2339	0.6288	0.1498
4	9583.3	36.9	122.9	141.4	36.9	0.2537	0.2339	0.6288	0.1498
3	10416.7	276.4	212.6	247.6	276.4	0.5333	0.0361	0.4216	0.0069
3	2083.3	100	9.9	39.4	100	0.0678	0.0732	0.1726	0.0052
3	7083.3	193.2	148.6	183.6	193.2	0.5333	0.2413	1.0266	0.4522
2	2083.3	52.6	9.9	44.9	52.6	0.0678	0.0102	0.0209	0.0789
2	4583.3	191.2	18.9	48.4	191.2	0.0678	0.0143	0.0289	0.0503
1	12500	47.4	157.9	176.4	47.4	0.2537	0.0233	0.0219	0.1498
3	2916.7	68.6	12.9	47.9	68.6	0.0678	0.0897	1.0905	0.0789
2	12500	252.6	47.4	82.4	252.6	0.0678	0.0102	0.0209	0.0789
2	4583.3	191.2	18.9	48.4	191.2	0.0678	0.0143	0.0289	0.0503
2	2916.7	68.6	12.9	47.9	68.6	0.0678	0.0108	0.2377	0.0025
2	3750	160.8	15.9	45.4	160.8	0.0678	0.0143	0.0289	0.0503
2	7083.3	148.6	27.9	62.9	148.6	0.0678	0.0559	0.6456	0.0789
2	3750	84.6	15.9	50.9	84.6	0.0678	0.0102	0.0209	0.0789
3	8750	180.6	33.9	68.9	180.6	0.0678	0.0102	0.0209	0.0789
1	2083.3	9.9	32.9	51.4	9.9	0.2537	0.2339	0.6288	0.1498
3	4583.3	100.6	18.9	53.9	100.6	0.0678	0.0897	1.0905	0.0789
2	7083.3	148.6	27.9	62.9	148.6	0.0678	0.0102	0.0209	0.0789
2	7083.3	148.6	27.9	62.9	148.6	0.0678	0.0102	0.0209	0.0789
2	4583.3	191.2	18.9	48.4	191.2	0.0678	0.0143	0.0289	0.0503
3	2916.7	68.6	12.9	47.9	68.6	0.0678	0.0108	0.2377	0.0025
2	4583.3	100.6	18.9	53.9	100.6	0.0678	0.0102	0.0209	0.0789
2	4583.3	191.2	18.9	48.4	191.2	0.0678	0.0143	0.0289	0.0503
3	6250	132.6	24.9	59.9	132.6	0.0678	0.0897	1.0905	0.0789
3	1250	36.6	6.9	41.9	36.6	0.0678	0.0559	0.6456	0.0789
3	2083.3	52.6	9.9	44.9	52.6	0.0678	0.0102	0.0209	0.0789
1	2916.7	12.9	42.9	61.4	12.9	0.2537	0.2339	0.6288	0.1498
4	12500	47.4	157.9	176.4	47.4	0.2537	0.2339	0.6288	0.1498
1	7083.3	27.9	92.9	111.4	27.9	0.2537	0.2339	0.6288	0.1498
4	4583.3	18.9	62.9	81.4	18.9	0.2537	0.2339	0.6288	0.1498
3	3750	160.8	15.9	45.4	160.8	0.0678	0.0016	0.1176	0.0503
3	7916.7	164.6	30.9	65.9	164.6	0.0678	0.0897	1.0905	0.0789
2	4583.3	191.2	18.9	48.4	191.2	0.0678	0.0143	0.0289	0.0503
2	3750	84.6	15.9	50.9	84.6	0.0678	0.0102	0.0209	0.0789
3	6250	24.9	172.4	197.4	24.9	0.2537	0.6817	2.3014	0.1498
1	2916.7	12.9	42.9	61.4	12.9	0.2537	0.0082	0.0044	0.1498
2	5416.7	116.6	21.9	56.9	116.6	0.0678	0.0897	1.0905	0.0789
4	8750	33.9	112.9	131.4	33.9	0.2537	0.2339	0.6288	0.1498
2	6250	252	24.9	54.4	252	0.0678	0.0016	0.1176	0.0503
2	6250	252	24.9	54.4	252	0.0678	0.0143	0.0289	0.0503
4	6250	24.9	82.9	101.4	24.9	0.2537	0.2339	0.6288	0.1498
2	4583.3	100.6	18.9	53.9	100.6	0.0678	0.0559	0.6456	0.0789
3	4583.3	100.6	18.9	53.9	100.6	0.0678	0.0559	0.6456	0.0789
2	4583.3	100.6	18.9	53.9	100.6	0.0678	0.0559	0.6456	0.0789
4	1250	6.9	22.9	41.4	6.9	0.2537	0.0233	0.0219	0.1498
4	3750	15.9	68.8	87.3	15.9	0.2537	0.0233	0.0219	0.1498
2	4583.3	221.4	18.9	48.4	221.4	0.0678	0.0143	0.0289	0.0503
1	7083.3	27.9	120.8	139.3	27.9	0.2537	0.0233	0.0219	0.1498
1	2083.3	9.9	42.8	61.3	9.9	0.2537	0.0233	0.0219	0.1498
4	2083.3	9.9	42.8	61.3	9.9	0.2537	0.2339	0.6288	0.1498
4	3750	15.9	68.8	87.3	15.9	0.2537	0.0233	0.0219	0.1498
1	4583.3	18.9	81.8	100.3	18.9	0.2537	0.2339	0.6288	0.1498
3	5416.7	116.6	21.9	56.9	116.6	0.0678	0.0102	0.0209	0.0789
1	5416.7	21.9	72.9	91.4	21.9	0.2537	0.2339	0.6288	0.1498
4	2916.7	12.9	42.9	61.4	12.9	0.2537	0.2339	0.6288	0.1498
4	2916.7	12.9	42.9	61.4	12.9	0.2537	0.0233	0.0219	0.1498
3	5416.7	116.6	21.9	56.9	116.6	0.0678	0.0897	1.0905	0.0789
3	3750	84.6	15.9	50.9	84.6	0.0678	0.0108	0.2377	0.0025
3	6250	132.6	24.9	59.9	132.6	0.0678	0.0897	1.0905	0.0789
3	2083.3	52.6	9.9	44.9	52.6	0.0678	0.0559	0.6456	0.0789
2	2083.3	9.9	32.9	51.4	9.9	0.2537	0.2339	0.6288	0.1498
3	7083.3	148.6	27.9	62.9	148.6	0.0678	0.0102	0.0209	0.0789
2	8750	180.6	33.9	68.9	180.6	0.0678	0.0559	0.6456	0.0789
3	2916.7	130.4	12.9	42.4	130.4	0.0678	0.0016	0.1176	0.0503
2	5416.7	221.6	21.9	51.4	221.6	0.0678	0.0143	0.0289	0.0503
4	9583.3	36.9	122.9	141.4	36.9	0.2537	0.2339	0.6288	0.1498
2	4583.3	191.2	18.9	48.4	191.2	0.0678	0.0732	0.1726	0.0052
3	2916.7	68.6	12.9	47.9	68.6	0.0678	0.0102	0.0209	0.0789
4	7916.7	30.9	102.9	121.4	30.9	0.2537	0.2339	0.6288	0.1498
2	7083.3	282.4	27.9	57.4	282.4	0.0678	0.0143	0.0289	0.0503
2	5416.7	116.6	21.9	56.9	116.6	0.0678	0.0559	0.6456	0.0789
2	3750	84.6	15.9	50.9	84.6	0.0678	0.0897	1.0905	0.0789
3	5416.7	116.6	21.9	56.9	116.6	0.0678	0.0897	1.0905	0.0789
2	7083.3	148.6	27.9	62.9	148.6	0.0678	0.0559	0.6456	0.0789
4	4583.3	18.9	62.9	81.4	18.9	0.2537	0.0233	0.0219	0.1498
3	3750	84.6	15.9	50.9	84.6	0.0678	0.0897	1.0905	0.0789
2	4583.3	100.6	18.9	53.9	100.6	0.0678	0.0108	0.2377	0.0025
2	3750	84.6	15.9	50.9	84.6	0.0678	0.0897	1.0905	0.0789
3	1250	6.9	47.6	72.6	6.9	0.2537	0.6817	2.3014	0.1498
3	3750	84.6	15.9	50.9	84.6	0.0678	0.0897	1.0905	0.0789
3	2916.7	68.6	12.9	47.9	68.6	0.0678	0.0102	0.0209	0.0789
3	3750	84.6	15.9	50.9	84.6	0.0678	0.0102	0.0209	0.0789
1	4583.3	18.9	62.9	81.4	18.9	0.2537	0.2339	0.6288	0.1498
3	3750	160.8	15.9	45.4	160.8	0.0678	0.0732	0.1726	0.0052
4	3750	15.9	52.9	71.4	15.9	0.2537	0.0233	0.0219	0.1498
2	2083.3	100	9.9	39.4	100	0.0678	0.0143	0.0289	0.0503
4	2083.3	9.9	32.9	51.4	9.9	0.2537	0.0233	0.0219	0.1498
4	2083.3	9.9	32.9	51.4	9.9	0.2537	0.2339	0.6288	0.1498
2	3750	84.6	15.9	50.9	84.6	0.0678	0.0897	1.0905	0.0789
4	2916.7	12.9	42.9	61.4	12.9	0.2537	0.2339	0.6288	0.1498
3	2083.3	52.6	9.9	44.9	52.6	0.0678	0.0559	0.6456	0.0789
4	2916.7	12.9	42.9	61.4	12.9	0.2537	0.0233	0.0219	0.1498
2	8750	180.6	33.9	68.9	180.6	0.0678	0.0102	0.0209	0.0789
3	1250	36.6	6.9	41.9	36.6	0.0678	0.0559	0.6456	0.0789
2	2083.3	52.6	9.9	44.9	52.6	0.0678	0.0897	1.0905	0.0789
2	3750	84.6	15.9	50.9	84.6	0.0678	0.0102	0.0209	0.0789
1	2083.3	9.9	32.9	51.4	9.9	0.2537	0.2339	0.6288	0.1498
2	7083.3	148.6	27.9	62.9	148.6	0.0678	0.0102	0.0209	0.0789
3	2083.3	52.6	9.9	44.9	52.6	0.0678	0.0102	0.0209	0.0789
1	3750	15.9	52.9	71.4	15.9	0.2537	0.2339	0.6288	0.1498
2	11250	228.6	42.9	77.9	228.6	0.0678	0.0102	0.0209	0.0789
3	2916.7	68.6	12.9	47.9	68.6	0.0678	0.0559	0.6456	0.0789
3	2083.3	52.6	9.9	44.9	52.6	0.0678	0.0559	0.6456	0.0789
2	3750	160.8	15.9	45.4	160.8	0.0678	0.0143	0.0289	0.0503
2	5416.7	116.6	21.9	56.9	116.6	0.0678	0.0102	0.0209	0.0789
3	3750	84.6	15.9	50.9	84.6	0.0678	0.0897	1.0905	0.0789
4	2916.7	12.9	42.9	61.4	12.9	0.2537	0.0233	0.0219	0.1498
2	5416.7	221.6	21.9	51.4	221.6	0.0678	0.1082	0.324	0.0503
3	2916.7	68.6	12.9	47.9	68.6	0.0678	0.0108	0.2377	0.0025
1	2083.3	9.9	32.9	51.4	9.9	0.2537	0.2339	0.6288	0.1498
4	2916.7	12.9	42.9	61.4	12.9	0.2537	0.0233	0.0219	0.1498
4	416.7	3.9	12.9	31.4	3.9	0.2537	0.2339	0.6288	0.1498
3	5416.7	116.6	21.9	56.9	116.6	0.0678	0.0102	0.0209	0.0789
3	3750	84.6	15.9	50.9	84.6	0.0678	0.0559	0.6456	0.0789
1	2083.3	9.9	32.9	51.4	9.9	0.2537	0.0233	0.0219	0.1498
4	2083.3	9.9	32.9	51.4	9.9	0.2537	0.0233	0.0219	0.1498
3	5416.7	43.7	52.5	71	43.7	0.2537	0.2339	0.6288	0.1498
3	6250	107.8	49.7	84.7	107.8	0.0678	0.0559	0.6456	0.0789
2	2083.3	78.3	42.8	77.8	78.3	0.5333	0.0361	0.4216	0.0069
3	7083.3	120.8	55.7	90.7	120.8	0.0678	0.0897	1.0905	0.0789
3	5416.7	94.8	43.7	78.7	94.8	0.0678	0.0108	0.2377	0.0025
3	4583.3	81.8	37.7	72.7	81.8	0.0678	0.0559	0.6456	0.0789
3	3750	134.4	31.7	61.2	134.4	0.0678	0.1082	0.324	0.0503
3	2916.7	55.8	25.7	60.7	55.8	0.0678	0.0102	0.0209	0.0789
2	5416.7	94.8	43.7	78.7	94.8	0.0678	0.0897	1.0905	0.0789
4	5416.7	43.7	52.5	71	43.7	0.2537	0.2339	0.6288	0.1498
2	5416.7	94.8	43.7	78.7	94.8	0.0678	0.0559	0.6456	0.0789
3	4583.3	81.8	37.7	72.7	81.8	0.0678	0.0102	0.0209	0.0789
3	6250	107.8	49.7	84.7	107.8	0.0678	0.0559	0.6456	0.0789
3	2916.7	109	25.7	55.2	109	0.0678	0.0143	0.0289	0.0503
4	2916.7	25.7	30.9	49.4	25.7	0.2537	0.0082	0.0044	0.1498
2	2916.7	109	25.7	55.2	109	0.0678	0.0732	0.1726	0.0052
3	5416.7	94.8	43.7	78.7	94.8	0.0678	0.0102	0.0209	0.0789
1	3750	125.9	68.8	103.8	125.9	0.5333	0.2413	1.0266	0.4522
3	3750	68.8	31.7	66.7	68.8	0.0678	0.0897	1.0905	0.0789
2	4583.3	159.8	37.7	67.2	159.8	0.0678	0.0143	0.0289	0.0503
3	4583.3	81.8	37.7	72.7	81.8	0.0678	0.0108	0.2377	0.0025
2	3750	68.8	31.7	66.7	68.8	0.0678	0.0108	0.2377	0.0025
3	6250	107.8	49.7	84.7	107.8	0.0678	0.0559	0.6456	0.0789
2	5416.7	94.8	43.7	78.7	94.8	0.0678	0.0108	0.2377	0.0025
2	1250	29.8	13.7	48.7	29.8	0.0678	0.0559	0.6456	0.0789
2	2916.7	109	25.7	55.2	109	0.0678	0.0143	0.0289	0.0503
2	1250	42.6	6.9	41.9	42.6	0.0678	0.0102	0.0209	0.0789
3	2916.7	79.8	12.9	47.9	79.8	0.0678	0.0559	0.6456	0.0789
2	2083.3	115.8	9.9	39.4	115.8	0.0678	0.0143	0.0289	0.0503
2	6250	154.2	24.9	59.9	154.2	0.0678	0.0897	1.0905	0.0789
3	1250	42.6	6.9	41.9	42.6	0.0678	0.0559	0.6456	0.0789
1	6250	24.9	107.8	126.3	24.9	0.2537	0.0082	0.0044	0.1498
3	3750	186.2	15.9	45.4	186.2	0.0678	0.0732	0.1726	0.0052
3	2083.3	61.2	9.9	44.9	61.2	0.0678	0.0559	0.6456	0.0789
4	2916.7	12.9	55.8	74.3	12.9	0.2537	0.2339	0.6288	0.1498
3	2916.7	79.8	12.9	47.9	79.8	0.0678	0.0559	0.6456	0.0789
1	7083.3	27.9	120.8	139.3	27.9	0.2537	0.2339	0.6288	0.1498
3	2916.7	79.8	12.9	47.9	79.8	0.0678	0.0897	1.0905	0.0789
2	12500	555.8	47.4	76.9	555.8	0.0678	0.0143	0.0289	0.0503
2	1250	80.6	6.9	36.4	80.6	0.0678	0.0143	0.0289	0.0503
2	10416.7	467.8	39.9	69.4	467.8	0.0678	0.0143	0.0289	0.0503
1	9583.3	36.9	159.8	178.3	36.9	0.2537	0.2339	0.6288	0.1498
1	2916.7	12.9	55.8	74.3	12.9	0.2537	0.0082	0.0044	0.1498
1	1250	6.9	29.8	48.3	6.9	0.2537	0.0233	0.0219	0.1498
3	2083.3	115.8	9.9	39.4	115.8	0.0678	0.1082	0.324	0.0503
1	2916.7	12.9	55.8	74.3	12.9	0.2537	0.2339	0.6288	0.1498
2	6250	154.2	24.9	59.9	154.2	0.0678	0.0102	0.0209	0.0789
2	4583.3	117	18.9	53.9	117	0.0678	0.0102	0.0209	0.0789
1	2916.7	12.9	55.8	74.3	12.9	0.2537	0.2339	0.6288	0.1498
4	416.7	3.9	16.8	35.3	3.9	0.2537	0.0233	0.0219	0.1498
3	6250	154.2	24.9	59.9	154.2	0.0678	0.0559	0.6456	0.0789
1	7916.7	30.9	133.8	152.3	30.9	0.2537	0.0233	0.0219	0.1498
4	416.7	3.9	16.8	35.3	3.9	0.2537	0.0626	0.2773	0.0014
3	5416.7	135.6	21.9	56.9	135.6	0.0678	0.0102	0.0209	0.0789
3	4583.3	117	18.9	53.9	117	0.0678	0.0102	0.0209	0.0789
3	4583.3	117	18.9	53.9	117	0.0678	0.0897	1.0905	0.0789
2	12500	555.8	47.4	76.9	555.8	0.0678	0.0732	0.1726	0.0052
3	4583.3	117	18.9	53.9	117	0.0678	0.0102	0.0209	0.0789
2	8750	210	33.9	68.9	210	0.0678	0.0102	0.0209	0.0789
2	3750	98.4	15.9	50.9	98.4	0.0678	0.0559	0.6456	0.0789
2	2083.3	115.8	9.9	39.4	115.8	0.0678	0.0143	0.0289	0.0503
3	1250	80.6	6.9	36.4	80.6	0.0678	0.1082	0.324	0.0503
3	2916.7	79.8	12.9	47.9	79.8	0.0678	0.0102	0.0209	0.0789
1	6250	24.9	107.8	126.3	24.9	0.2537	0.0233	0.0219	0.1498
2	2916.7	151	12.9	42.4	151	0.0678	0.1082	0.324	0.0503
2	5416.7	256.6	21.9	51.4	256.6	0.0678	0.0143	0.0289	0.0503
2	3750	98.4	15.9	50.9	98.4	0.0678	0.0559	0.6456	0.0789
4	2916.7	12.9	55.8	74.3	12.9	0.2537	0.2339	0.6288	0.1498
1	5416.7	21.9	94.8	113.3	21.9	0.2537	0.0233	0.0219	0.1498
2	2083.3	115.8	9.9	39.4	115.8	0.0678	0.1082	0.324	0.0503
3	5416.7	135.6	21.9	56.9	135.6	0.0678	0.0102	0.0209	0.0789
3	5416.7	135.6	21.9	56.9	135.6	0.0678	0.0559	0.6456	0.0789
4	6250	24.9	107.8	126.3	24.9	0.2537	0.2339	0.6288	0.1498
3	2916.7	79.8	12.9	47.9	79.8	0.0678	0.0897	1.0905	0.0789
2	416.7	24	3.9	38.9	24	0.0678	0.0559	0.6456	0.0789
3	3750	98.4	15.9	50.9	98.4	0.0678	0.0102	0.0209	0.0789
2	4583.3	221.4	18.9	48.4	221.4	0.0678	0.0143	0.0289	0.0503
3	2916.7	12.9	53.2	78.2	12.9	0.2537	0.6817	2.3014	0.1498
2	1250	80.6	6.9	36.4	80.6	0.0678	0.0732	0.1726	0.0052
2	5416.7	256.6	21.9	51.4	256.6	0.0678	0.0143	0.0289	0.0503
2	1250	80.6	6.9	36.4	80.6	0.0678	0.0143	0.0289	0.0503
4	2916.7	12.9	55.8	74.3	12.9	0.2537	0.2339	0.6288	0.1498
3	2083.3	115.8	115.8	140.8	115.8	0.0678	0.2601	0.5391	0.0503
1	3750	15.9	68.8	87.3	15.9	0.2537	0.2339	0.6288	0.1498
2	8750	397.4	33.9	63.4	397.4	0.0678	0.0143	0.0289	0.0503
2	2916.7	79.8	12.9	47.9	79.8	0.0678	0.0102	0.0209	0.0789
3	1250	42.6	6.9	41.9	42.6	0.0678	0.0559	0.6456	0.0789
2	5416.7	256.6	21.9	51.4	256.6	0.0678	0.1082	0.324	0.0503
4	416.7	3.9	16.8	35.3	3.9	0.2537	0.0233	0.0219	0.1498
4	5416.7	21.9	94.8	113.3	21.9	0.2537	0.0233	0.0219	0.1498
2	2916.7	79.8	12.9	47.9	79.8	0.0678	0.0559	0.6456	0.0789
2	7083.3	327	27.9	57.4	327	0.0678	0.0143	0.0289	0.0503
2	416.7	45.4	3.9	33.4	45.4	0.0678	0.0022	0.324	0.0503
2	2916.7	175.9	121.8	146.8	175.9	0.2537	0.6817	2.3014	0.1498
1	1250	31.1	70.5	105.5	31.1	0.5333	0.0156	0.0058	0.4522
2	1250	35.7	31.1	56.1	35.7	0.2537	0.6817	2.3014	0.1498
1	2916.7	121.8	203.3	238.3	121.8	0.5333	0.0156	0.0058	0.4522
3	2916.7	175.9	121.8	146.8	175.9	0.2537	0.6817	2.3014	0.1498
4	2083.3	93.4	155.9	190.9	93.4	0.5333	0.2413	1.0266	0.4522
2	7083.3	224.8	245.3	270.3	224.8	0.2537	0.6817	2.3014	0.1498
3	3750	128	139.7	164.7	128	0.2537	0.6817	2.3014	0.1498
3	2083.3	57.2	9.9	34.9	57.2	0.2537	0.0531	0.0052	0.1498
2	416.7	22.4	3.9	28.9	22.4	0.2537	0.7369	2.3101	0.1498
3	2916.7	74.6	12.9	37.9	74.6	0.2537	0.6817	2.3014	0.1498
2	6250	144.2	24.9	49.9	144.2	0.2537	0.0531	0.0052	0.1498
1	2083.3	9.9	121.7	156.7	9.9	0.5333	0.2413	1.0266	0.4522
3	416.7	22.4	3.9	28.9	22.4	0.2537	0.6817	2.3014	0.1498
2	2916.7	74.6	12.9	37.9	74.6	0.2537	0.7369	2.3101	0.1498
1	2083.3	9.9	121.7	156.7	9.9	0.5333	0.2413	1.0266	0.4522
4	4583.3	18.9	232.7	267.7	18.9	0.5333	0.2413	1.0266	0.4522
2	7083.3	161.6	27.9	52.9	161.6	0.2537	0.0531	0.0052	0.1498
3	2083.3	57.2	9.9	34.9	57.2	0.2537	0.6817	2.3014	0.1498
3	4583.3	109.4	18.9	43.9	109.4	0.2537	0.0531	0.0052	0.1498
2	2916.7	74.6	12.9	37.9	74.6	0.2537	0.0531	0.0052	0.1498
2	416.7	22.4	3.9	28.9	22.4	0.2537	0.6817	2.3014	0.1498
4	416.7	3.9	47.7	82.7	3.9	0.5333	0.2413	1.0266	0.4522
1	416.7	3.9	47.7	82.7	3.9	0.5333	0.2413	1.0266	0.4522
2	2083.3	57.2	9.9	34.9	57.2	0.2537	0.6817	2.3014	0.1498
2	7083.3	161.6	27.9	52.9	161.6	0.2537	0.6817	2.3014	0.1498
1	3750	15.9	195.7	230.7	15.9	0.5333	0.0156	0.0058	0.4522
4	2916.7	12.9	158.7	193.7	12.9	0.5333	0.2413	1.0266	0.4522
4	2083.3	9.9	121.7	156.7	9.9	0.5333	0.2413	1.0266	0.4522
2	2916.7	74.6	12.9	37.9	74.6	0.2537	0.0531	0.0052	0.1498
2	2916.7	74.6	12.9	37.9	74.6	0.2537	0.7369	2.3101	0.1498
2	2083.3	57.2	9.9	34.9	57.2	0.2537	0.0531	0.0052	0.1498
2	2083.3	176.3	57.2	86.7	176.3	0.0678	0.0143	0.0289	0.0503
2	2916.7	74.6	12.9	37.9	74.6	0.2537	0.6817	2.3014	0.1498
4	2083.3	9.9	121.7	156.7	9.9	0.5333	0.2413	1.0266	0.4522
3	2916.7	74.6	12.9	37.9	74.6	0.2537	0.6817	2.3014	0.1498
4	1250	6.9	84.7	119.7	6.9	0.5333	0.2413	1.0266	0.4522
2	1250	39.8	6.9	31.9	39.8	0.2537	0.0531	0.0052	0.1498
3	3750	92	15.9	40.9	92	0.2537	0.6817	2.3014	0.1498
2	3750	283.5	92	121.5	283.5	0.0678	0.0143	0.0289	0.0503
2	2916.7	74.6	12.9	37.9	74.6	0.2537	0.6817	2.3014	0.1498
2	2916.7	74.6	12.9	37.9	74.6	0.2537	0.0531	0.0052	0.1498
3	2083.3	57.2	9.9	34.9	57.2	0.2537	0.6817	2.3014	0.1498
3	3750	195.7	92	127	195.7	0.0678	0.0559	0.6456	0.0789
4	2083.3	9.9	121.7	156.7	9.9	0.5333	0.2413	1.0266	0.4522
2	6250	144.2	24.9	49.9	144.2	0.2537	0.6817	2.3014	0.1498
2	6250	144.2	24.9	49.9	144.2	0.2537	0.6817	2.3014	0.1498
2	4583.3	109.4	18.9	43.9	109.4	0.2537	0.0531	0.0052	0.1498
2	1250	39.8	6.9	31.9	39.8	0.2537	0.0531	0.0052	0.1498
2	2083.3	57.2	9.9	34.9	57.2	0.2537	0.0531	0.0052	0.1498
1	7083.3	27.9	343.7	378.7	27.9	0.5333	0.2413	1.0266	0.4522
3	3750	92	15.9	40.9	92	0.2537	0.6817	2.3014	0.1498
2	3750	92	15.9	40.9	92	0.2537	0.6817	2.3014	0.1498
2	4583.3	15.1	213.9	248.9	15.1	0.5333	0.0361	0.4216	0.0069
4	2083.3	7.9	111.9	146.9	7.9	0.5333	0.0156	0.0058	0.4522
1	3750	12.7	179.9	214.9	12.7	0.5333	0.0051	1.0266	0.4522
2	1250	33	5.5	30.5	33	0.2537	0.7369	2.3101	0.1498
2	2083.3	47.4	7.9	32.9	47.4	0.2537	0.6817	2.3014	0.1498
1	6250	19.9	281.9	316.9	19.9	0.5333	0.2413	1.0266	0.4522
2	3750	76.2	12.7	37.7	76.2	0.2537	0.7369	2.3101	0.1498
2	2083.3	47.4	7.9	32.9	47.4	0.2537	0.7369	2.3101	0.1498
2	7083.3	133.8	22.3	47.3	133.8	0.2537	0.6817	2.3014	0.1498
3	2916.7	61.8	10.3	35.3	61.8	0.2537	0.6817	2.3014	0.1498
2	12500	227.4	37.9	62.9	227.4	0.2537	0.0531	0.0052	0.1498
1	2083.3	7.9	111.9	146.9	7.9	0.5333	0.2413	1.0266	0.4522
2	4583.3	90.6	15.1	40.1	90.6	0.2537	0.7369	2.3101	0.1498
3	4583.3	90.6	15.1	40.1	90.6	0.2537	0.6817	2.3014	0.1498
1	4583.3	15.1	213.9	248.9	15.1	0.5333	0.2413	1.0266	0.4522
1	2916.7	10.3	145.9	180.9	10.3	0.5333	0.2413	1.0266	0.4522
3	7083.3	133.8	22.3	47.3	133.8	0.2537	0.0531	0.0052	0.1498
2	2916.7	61.8	10.3	35.3	61.8	0.2537	0.7369	2.3101	0.1498
2	2916.7	61.8	10.3	35.3	61.8	0.2537	0.6817	2.3014	0.1498
1	4583.3	15.1	213.9	248.9	15.1	0.5333	0.2413	1.0266	0.4522
2	1250	33	5.5	30.5	33	0.2537	0.6817	2.3014	0.1498
2	8750	162.6	27.1	52.1	162.6	0.2537	0.7369	2.3101	0.1498
2	3750	76.2	12.7	37.7	76.2	0.2537	0.7369	2.3101	0.1498
4	1250	77.9	115.9	144.9	77.9	0.0678	0.0014	0.0029	0.0789
1	5416.7	17.5	247.9	282.9	17.5	0.5333	0.0156	0.0058	0.4522
3	2916.7	61.8	10.3	35.3	61.8	0.2537	0.6817	2.3014	0.1498
2	5416.7	105	17.5	42.5	105	0.2537	0.6817	2.3014	0.1498
3	2083.3	47.4	7.9	32.9	47.4	0.2537	0.6817	2.3014	0.1498
2	5416.7	150.2	45.2	70.2	150.2	0.2537	0.6817	2.3014	0.1498
1	2916.7	26.6	172.5	207.5	26.6	0.5333	0.2413	1.0266	0.4522
3	2916.7	88.4	26.6	51.6	88.4	0.2537	0.6817	2.3014	0.1498
2	4583.3	129.6	39	64	129.6	0.2537	0.6817	2.3014	0.1498
3	2083.3	132.3	67.8	102.8	132.3	0.0678	0.0559	0.6456	0.0789
4	2916.7	26.6	172.5	207.5	26.6	0.5333	0.2413	1.0266	0.4522
1	1250	14.2	92.1	127.1	14.2	0.5333	0.2413	1.0266	0.4522
3	1250	47.2	14.2	39.2	47.2	0.2537	0.6817	2.3014	0.1498
3	3750	109	32.8	57.8	109	0.2537	0.6817	2.3014	0.1498
4	2083.3	20.4	132.3	167.3	20.4	0.5333	0.0156	0.0058	0.4522
3	2916.7	88.4	26.6	51.6	88.4	0.2537	0.6817	2.3014	0.1498
2	4583.3	129.6	39	64	129.6	0.2537	0.7369	2.3101	0.1498
2	2916.7	88.4	26.6	51.6	88.4	0.2537	0.0531	0.0052	0.1498
1	3750	32.8	212.7	247.7	32.8	0.5333	0.1665	0.3975	0.4522
2	2916.7	88.4	26.6	51.6	88.4	0.2537	0.6817	2.3014	0.1498
3	4583.3	129.6	39	64	129.6	0.2537	0.0531	0.0052	0.1498
2	3750	109	32.8	57.8	109	0.2537	0.6817	2.3014	0.1498
3	4583.3	129.6	39	64	129.6	0.2537	0.6817	2.3014	0.1498
4	2916.7	26.6	172.5	207.5	26.6	0.5333	0.2413	1.0266	0.4522
4	2916.7	26.6	172.5	207.5	26.6	0.5333	0.0156	0.0058	0.4522
3	4583.3	129.6	39	64	129.6	0.2537	0.6817	2.3014	0.1498
2	9583.3	253.2	76.2	101.2	253.2	0.2537	0.6817	2.3014	0.1498
2	3750	109	32.8	57.8	109	0.2537	0.0531	0.0052	0.1498
4	2083.3	20.4	132.3	167.3	20.4	0.5333	0.2413	1.0266	0.4522
2	1250	47.2	14.2	39.2	47.2	0.2537	0.0531	0.0052	0.1498
4	4583.3	39	252.9	287.9	39	0.5333	0.1665	0.3975	0.4522
2	4583.3	129.6	39	64	129.6	0.2537	0.6817	2.3014	0.1498
4	9583.3	76.2	494.1	529.1	76.2	0.5333	0.2413	1.0266	0.4522
1	416.7	8	51.9	86.9	8	0.5333	0.2413	1.0266	0.4522
4	2083.3	9.9	121.7	156.7	9.9	0.5333	0.0156	0.0058	0.4522
1	2083.3	14.5	62.5	81	14.5	0.2537	0.0233	0.0219	0.1498
4	416.7	2.3	55.5	90.5	2.3	0.5333	0.2413	1.0266	0.4522
2	1250	53.6	4.1	29.1	53.6	0.2537	0.6817	2.3014	0.1498
2	3750	123.8	9.5	34.5	123.8	0.2537	0.0531	0.0052	0.1498
3	2916.7	61.8	10.3	35.3	61.8	0.2537	0.0531	0.0052	0.1498
4	416.7	3.1	43.9	78.9	3.1	0.5333	0.2413	1.0266	0.4522
4	2083.3	7.9	111.9	146.9	7.9	0.5333	0.2413	1.0266	0.4522
2	3750	76.2	12.7	37.7	76.2	0.2537	0.7369	2.3101	0.1498
2	2083.3	47.4	7.9	32.9	47.4	0.2537	0.6817	2.3014	0.1498
3	416.7	18.6	3.1	28.1	18.6	0.2537	0.6817	2.3014	0.1498
3	1250	33	5.5	30.5	33	0.2537	0.0531	0.0052	0.1498
2	6250	119.4	19.9	44.9	119.4	0.2537	0.6817	2.3014	0.1498
2	2916.7	61.8	10.3	35.3	61.8	0.2537	0.6817	2.3014	0.1498
4	4583.3	15.1	213.9	248.9	15.1	0.5333	0.2413	1.0266	0.4522
4	2916.7	10.3	145.9	180.9	10.3	0.5333	0.1665	0.3975	0.4522
4	1250	5.5	77.9	112.9	5.5	0.5333	0.2413	1.0266	0.4522
3	1250	33	5.5	30.5	33	0.2537	0.6817	2.3014	0.1498
1	5416.7	17.5	247.9	282.9	17.5	0.5333	0.2413	1.0266	0.4522
2	1250	33	5.5	30.5	33	0.2537	0.0531	0.0052	0.1498
2	2916.7	61.8	10.3	35.3	61.8	0.2537	0.6817	2.3014	0.1498
2	3750	76.2	12.7	37.7	76.2	0.2537	0.0531	0.0052	0.1498
4	1250	5.5	77.9	112.9	5.5	0.5333	0.2413	1.0266	0.4522
2	416.7	18.6	3.1	28.1	18.6	0.2537	0.0531	0.0052	0.1498
2	4583.3	90.6	15.1	40.1	90.6	0.2537	0.0531	0.0052	0.1498
1	3750	76.2	139.7	158.2	76.2	0.2537	0.2339	0.6288	0.1498
2	3750	76.2	12.7	37.7	76.2	0.2537	0.6817	2.3014	0.1498
2	12500	227.4	37.9	62.9	227.4	0.2537	0.0531	0.0052	0.1498
1	1250	5.5	77.9	112.9	5.5	0.5333	0.1665	0.3975	0.4522
4	2083.3	47.4	86.9	105.4	47.4	0.2537	0.2339	0.6288	0.1498
1	2083.3	7.9	111.9	146.9	7.9	0.5333	0.2413	1.0266	0.4522
2	2083.3	37.5	3.3	28.3	37.5	0.2537	0.6817	2.3014	0.1498
1	2083.3	3.3	102	137	3.3	0.5333	0.0051	1.0266	0.4522
1	1250	2.3	71	106	2.3	0.5333	0.1665	0.3975	0.4522
1	416.7	1.3	40	75	1.3	0.5333	0.2413	1.0266	0.4522
4	4583.3	6.3	195	230	6.3	0.5333	0.2413	1.0266	0.4522
2	3750	243.3	41.3	70.8	243.3	0.0678	0.0143	0.0289	0.0503
2	5416.7	56.9	36.5	61.5	56.9	0.2537	0.0531	0.0052	0.1498
4	4583.3	49.1	149.7	168.2	49.1	0.2537	0.0082	0.0044	0.1498
3	4583.3	49.1	31.5	56.5	49.1	0.2537	0.7369	2.3101	0.1498
2	2083.3	25.7	16.5	41.5	25.7	0.2537	0.6817	2.3014	0.1498
2	5416.7	214.3	56.9	91.9	214.3	0.0678	0.0102	0.0209	0.0789
2	2916.7	126.1	33.5	68.5	126.1	0.0678	0.0102	0.0209	0.0789
1	1250	11.5	67.3	102.3	11.5	0.5333	0.2413	1.0266	0.4522
3	2083.3	16.5	96.7	131.7	16.5	0.5333	0.2413	1.0266	0.4522
2	3750	243.3	41.3	70.8	243.3	0.0678	0.0143	0.0289	0.0503
3	7916.7	80.3	51.5	76.5	80.3	0.2537	0.6817	2.3014	0.1498
2	2083.3	96.7	25.7	60.7	96.7	0.0678	0.0102	0.0209	0.0789
1	3750	26.5	155.5	190.5	26.5	0.5333	0.2413	1.0266	0.4522
3	2083.3	25.7	16.5	41.5	25.7	0.2537	0.6817	2.3014	0.1498
3	3750	41.3	26.5	51.5	41.3	0.2537	0.6817	2.3014	0.1498
1	2916.7	21.5	126.1	161.1	21.5	0.5333	0.2413	1.0266	0.4522
3	2916.7	33.5	21.5	46.5	33.5	0.2537	0.0531	0.0052	0.1498
2	1250	67.3	17.9	52.9	67.3	0.0678	0.0897	1.0905	0.0789
2	2916.7	33.5	21.5	46.5	33.5	0.2537	0.7369	2.3101	0.1498
4	1250	17.9	54.5	73	17.9	0.2537	0.0233	0.0219	0.1498
1	1250	11.5	67.3	102.3	11.5	0.5333	0.2413	1.0266	0.4522
3	2916.7	176.7	18.9	48.4	176.7	0.0678	0.1082	0.324	0.0503
3	2083.3	14.5	22.4	47.4	14.5	0.2537	0.0531	0.0052	0.1498
2	6250	341.5	36.5	66	341.5	0.0678	0.0143	0.0289	0.0503
2	1250	39.8	6.9	31.9	39.8	0.2537	0.0531	0.0052	0.1498
2	1250	39.8	6.9	31.9	39.8	0.2537	0.6817	2.3014	0.1498
3	2916.7	74.6	12.9	37.9	74.6	0.2537	0.6817	2.3014	0.1498
1	3750	15.9	195.7	230.7	15.9	0.5333	0.1665	0.3975	0.4522
3	2083.3	57.2	9.9	34.9	57.2	0.2537	0.7369	2.3101	0.1498
3	3750	92	15.9	40.9	92	0.2537	0.0531	0.0052	0.1498
3	4583.3	90.6	15.1	40.1	90.6	0.2537	0.7369	2.3101	0.0014
3	2916.7	61.8	10.3	35.3	61.8	0.2537	0.6817	2.3014	0.1498
4	2083.3	7.9	111.9	146.9	7.9	0.5333	0.2413	1.0266	0.4522
4	4583.3	15.1	213.9	248.9	15.1	0.5333	0.2413	1.0266	0.4522
2	2916.7	61.8	10.3	35.3	61.8	0.2537	0.7369	2.3101	0.1498
3	2916.7	145.9	217.1	246.1	145.9	0.0678	0.0014	0.0029	0.0789
2	3750	76.2	12.7	37.7	76.2	0.2537	0.7369	2.3101	0.1498
3	2916.7	61.8	10.3	35.3	61.8	0.2537	0.6817	2.3014	0.1498
4	2083.3	7.9	111.9	146.9	7.9	0.5333	0.2413	1.0266	0.4522
1	3750	12.7	179.9	214.9	12.7	0.5333	0.0156	0.0058	0.4522
3	5416.7	105	17.5	42.5	105	0.2537	0.6817	2.3014	0.1498
4	2083.3	7.9	111.9	146.9	7.9	0.5333	0.2413	1.0266	0.4522
3	3750	76.2	12.7	37.7	76.2	0.2537	0.0531	0.0052	0.1498
2	5416.7	166.2	52.5	77.5	166.2	0.2537	0.0531	0.0052	0.1498
4	1250	16.5	97.1	132.1	16.5	0.5333	0.2413	1.0266	0.4522
2	4583.3	143.4	45.3	70.3	143.4	0.2537	0.6817	2.3014	0.1498
2	2916.7	97.8	30.9	55.9	97.8	0.2537	0.7369	2.3101	0.1498
3	2083.3	75	23.7	48.7	75	0.2537	0.7369	2.3101	0.0014
4	2916.7	30.9	181.9	216.9	30.9	0.5333	0.2413	1.0266	0.4522
2	3750	120.6	38.1	63.1	120.6	0.2537	0.6817	2.3014	0.1498
3	2916.7	97.8	30.9	55.9	97.8	0.2537	0.6817	2.3014	0.1498
4	2916.7	30.9	181.9	216.9	30.9	0.5333	0.2413	1.0266	0.4522
2	3750	120.6	38.1	63.1	120.6	0.2537	0.7369	2.3101	0.1498
3	1250	97.1	52.2	87.2	97.1	0.0678	0.0897	1.0905	0.0789
3	6250	189	59.7	84.7	189	0.2537	0.6817	2.3014	0.1498
3	1250	52.2	16.5	41.5	52.2	0.2537	0.6817	2.3014	0.1498
2	2083.3	75	23.7	48.7	75	0.2537	0.6817	2.3014	0.1498
2	6250	351.5	189	224	351.5	0.0678	0.0897	1.0905	0.0789
1	2916.7	30.9	181.9	216.9	30.9	0.5333	0.0156	0.0058	0.4522
2	2916.7	61.8	10.3	35.3	61.8	0.2537	0.7369	2.3101	0.1498
2	3750	267.7	76.2	105.7	267.7	0.0678	0.1082	0.324	0.0503
4	3750	12.7	179.9	214.9	12.7	0.5333	0.2413	1.0266	0.4522
3	1250	33	5.5	30.5	33	0.2537	0.6817	2.3014	0.1498
3	2083.3	47.4	7.9	32.9	47.4	0.2537	0.0531	0.0052	0.1498
2	1250	33	5.5	30.5	33	0.2537	0.7369	2.3101	0.1498
4	2916.7	10.3	145.9	180.9	10.3	0.5333	0.2413	1.0266	0.4522
2	3750	267.7	76.2	105.7	267.7	0.0678	0.0143	0.0289	0.0503
3	3750	76.2	12.7	37.7	76.2	0.2537	0.6817	2.3014	0.1498
3	2916.7	61.8	10.3	35.3	61.8	0.2537	0.6817	2.3014	0.1498
3	2083.3	111.9	47.4	82.4	111.9	0.0678	0.0102	0.0209	0.0789
2	12500	227.4	37.9	62.9	227.4	0.2537	0.7369	2.3101	0.1498
3	3750	76.2	12.7	37.7	76.2	0.2537	0.6817	2.3014	0.1498
3	1250	33	5.5	30.5	33	0.2537	0.0531	0.0052	0.1498
3	2916.7	61.8	10.3	35.3	61.8	0.2537	0.6817	2.3014	0.1498
2	4583.3	90.6	15.1	40.1	90.6	0.2537	0.0531	0.0052	0.1498
2	12500	227.4	37.9	62.9	227.4	0.2537	0.6817	2.3014	0.1498
2	1250	33	5.5	30.5	33	0.2537	0.6817	2.3014	0.1498
3	2083.3	47.4	7.9	32.9	47.4	0.2537	0.7369	2.3101	0.1498
1	5416.7	17.5	247.9	282.9	17.5	0.5333	0.2413	1.0266	0.4522
2	2916.7	97.8	30.9	55.9	97.8	0.2537	0.7369	2.3101	0.1498
4	1250	16.5	97.1	132.1	16.5	0.5333	0.2413	1.0266	0.4522
3	2083.3	75	23.7	48.7	75	0.2537	0.0531	0.0052	0.1498
3	2083.3	75	23.7	48.7	75	0.2537	0.6817	2.3014	0.1498
2	2083.3	77	5.9	30.9	77	0.2537	0.6817	2.3014	0.1498
2	2083.3	63.2	15.8	40.8	63.2	0.2537	0.0531	0.0052	0.1498
2	2916.7	82.4	20.6	45.6	82.4	0.2537	0.0531	0.0052	0.1498
4	2916.7	4.3	133	168	4.3	0.5333	0.2413	1.0266	0.4522
2	4583.3	71.7	6.3	31.3	71.7	0.2537	0.0531	0.0052	0.1498
4	6250	8.3	257	292	8.3	0.5333	0.2413	1.0266	0.4522
1	6250	94.5	194	212.5	94.5	0.2537	0.0008	0.0027	0.1498
4	416.7	1.3	40	75	1.3	0.5333	0.0051	1.0266	0.4522
3	2083.3	37.5	3.3	28.3	37.5	0.2537	0.6817	2.3014	0.1498
3	2916.7	48.9	4.3	29.3	48.9	0.2537	0.6817	2.3014	0.1498
3	2083.3	37.5	3.3	28.3	37.5	0.2537	0.6817	2.3014	0.1498
3	3750	60.3	5.3	30.3	60.3	0.2537	0.6817	2.3014	0.1498
4	2083.3	3.3	102	137	3.3	0.5333	0.2413	1.0266	0.4522
3	2916.7	48.9	4.3	29.3	48.9	0.2537	0.6817	2.3014	0.1498
3	1250	26.1	2.3	27.3	26.1	0.2537	0.6817	2.3014	0.1498
3	5416.7	347	83.1	112.6	347	0.0678	0.0143	0.0289	0.0503
1	4583.3	6.3	195	230	6.3	0.5333	0.2413	1.0266	0.4522
3	2916.7	48.9	4.3	29.3	48.9	0.2537	0.6817	2.3014	0.1498
4	1250	2.3	71	106	2.3	0.5333	0.2413	1.0266	0.4522
4	4583.3	6.3	195	230	6.3	0.5333	0.0156	0.0058	0.4522
2	12500	180	15.8	40.8	180	0.2537	0.7369	2.3101	0.1498
1	2916.7	4.3	133	168	4.3	0.5333	0.2413	1.0266	0.4522
1	2916.7	4.3	133	168	4.3	0.5333	0.2413	1.0266	0.4522
2	2916.7	204.2	48.9	78.4	204.2	0.0678	0.0732	0.1726	0.0052
1	4583.3	6.3	195	230	6.3	0.5333	0.1665	0.3975	0.4522
1	7083.3	9.3	288	323	9.3	0.5333	0.2413	1.0266	0.4522
3	3750	60.3	5.3	30.3	60.3	0.2537	0.7369	2.3101	0.1498
4	3750	5.3	164	199	5.3	0.5333	0.2413	1.0266	0.4522
4	2916.7	4.3	133	168	4.3	0.5333	0.0156	0.0058	0.4522
2	6250	94.5	8.3	33.3	94.5	0.2537	0.7369	2.3101	0.1498
3	3750	60.3	5.3	30.3	60.3	0.2537	0.0531	0.0052	0.1498
2	2083.3	37.5	3.3	28.3	37.5	0.2537	0.0531	0.0052	0.1498
4	2083.3	3.3	102	137	3.3	0.5333	0.2413	1.0266	0.4522
3	2916.7	48.9	4.3	29.3	48.9	0.2537	0.7369	2.3101	0.1498
2	7916.7	117.3	10.3	35.3	117.3	0.2537	0.7369	2.3101	0.1498
2	4583.3	71.7	6.3	31.3	71.7	0.2537	0.6817	2.3014	0.1498
4	2083.3	37.5	77	95.5	37.5	0.2537	0.0233	0.0219	0.1498
2	2083.3	102	37.5	72.5	102	0.0678	0.0102	0.0209	0.0789
4	2083.3	37.5	77	95.5	37.5	0.2537	0.0082	0.0044	0.1498
3	2916.7	48.9	4.3	29.3	48.9	0.2537	0.6817	2.3014	0.1498
2	3750	60.3	5.3	30.3	60.3	0.2537	0.7369	2.3101	0.1498
2	4583.3	71.7	6.3	31.3	71.7	0.2537	0.6817	2.3014	0.1498
2	4583.3	71.7	6.3	31.3	71.7	0.2537	0.6817	2.3014	0.1498
2	2916.7	4.3	133	168	4.3	0.5333	0.0156	0.0058	0.4522
2	3750	5.3	164	199	5.3	0.5333	0.0361	0.4216	0.0069
3	2916.7	48.9	4.3	29.3	48.9	0.2537	0.6817	2.3014	0.1498
4	4583.3	6.3	195	230	6.3	0.5333	0.2413	1.0266	0.4522
3	12500	180	15.8	40.8	180	0.2537	0.7369	2.3101	0.1498
3	5416.7	83.1	7.3	32.3	83.1	0.2537	0.6817	2.3014	0.1498
3	5416.7	83.1	7.3	32.3	83.1	0.2537	0.6817	2.3014	0.1498
4	2083.3	37.5	77	95.5	37.5	0.2537	0.0233	0.0219	0.1498
3	6250	94.5	8.3	33.3	94.5	0.2537	0.6817	2.3014	0.1498
2	4583.3	71.7	6.3	31.3	71.7	0.2537	0.6817	2.3014	0.1498
2	3750	164	60.3	95.3	164	0.0678	0.0102	0.0209	0.0789
2	4583.3	71.7	6.3	31.3	71.7	0.2537	0.0531	0.0052	0.1498
1	7083.3	105.9	217.4	235.9	105.9	0.2537	0.0233	0.0219	0.1498
2	416.7	30.2	40	64	30.2	0.1049	0.1574	0.4671	0.0451
4	1250	2.3	71	106	2.3	0.5333	0.2413	1.0266	0.4522
3	6250	94.5	8.3	33.3	94.5	0.2537	0.6817	2.3014	0.1498
4	416.7	1.3	40	75	1.3	0.5333	0.1665	0.3975	0.4522
2	4583.3	195	71.7	106.7	195	0.0678	0.0559	0.6456	0.0789
1	2916.7	18.9	81.5	100	18.9	0.2537	0.2339	0.6288	0.1498
2	4583.3	259.1	27.7	57.2	259.1	0.0678	0.0143	0.0289	0.0503
3	5416.7	32.1	49.6	74.6	32.1	0.2537	0.6817	2.3014	0.1498
2	4583.3	143.4	45.3	70.3	143.4	0.2537	0.0531	0.0052	0.1498
4	3750	23.3	100.5	119	23.3	0.2537	0.0082	0.0044	0.1498
2	12500	388.4	69.5	104.5	388.4	0.0678	0.0102	0.0209	0.0789
3	2916.7	97.8	30.9	55.9	97.8	0.2537	0.6817	2.3014	0.1498
4	5416.7	52.5	309.1	344.1	52.5	0.5333	0.0156	0.0058	0.4522
1	2083.3	23.7	139.5	174.5	23.7	0.5333	0.0156	0.0058	0.4522
3	2916.7	181.9	97.8	132.8	181.9	0.0678	0.0897	1.0905	0.0789
4	2083.3	23.7	139.5	174.5	23.7	0.5333	0.2413	1.0266	0.4522
2	5416.7	255.2	106.4	141.4	255.2	0.5333	0.2413	1.0266	0.4522
2	8750	164.8	155.8	190.8	164.8	0.0678	0.0108	0.2377	0.0025
3	2083.3	45.4	45.4	63.9	45.4	0.2537	0.0233	0.0219	0.1498
1	2916.7	62.6	123.6	152.6	62.6	0.0678	0.0014	0.0029	0.0789
2	4583.3	91.8	86.8	121.8	91.8	0.0678	0.0102	0.0209	0.0789
3	6250	121	114.4	149.4	121	0.0678	0.0102	0.0209	0.0789
1	2916.7	121.8	203.3	238.3	121.8	0.5333	0.2413	1.0266	0.4522
4	3750	150.2	250.7	285.7	150.2	0.5333	0.2413	1.0266	0.4522
1	6250	235.4	392.9	427.9	235.4	0.5333	0.2413	1.0266	0.4522
4	1250	65	108.5	143.5	65	0.5333	0.2413	1.0266	0.4522
1	416.7	36.6	61.1	96.1	36.6	0.5333	0.1665	0.3975	0.4522
2	6250	339.9	235.4	260.4	339.9	0.2537	0.6817	2.3014	0.1498
